10	46251.4
10.1617	47195.2
10.3261	48157.5
10.4931	49139.9
10.6628	50565.2
10.8353	52397.3
11.0106	54295.9
11.1886	56265.1
11.3696	58303.9
11.5535	60354.5
11.7404	62463.8
11.9303	64647.3
12.1232	66908.2
12.3193	69246.9
12.5186	71667
12.721	74155.9
12.9268	76406.8
13.1359	78726.6
13.3483	81117.9
13.5642	83581.2
13.7836	86118.7
14.0066	88732.5
14.2331	91427.7
14.4633	93773.3
14.6973	95720.4
14.935	97709.6
15.1765	99740.4
15.422	101812
15.6714	103928
15.9249	105261
16.1825	106412
16.4442	107577
16.7102	108754
16.9805	109943
17.2551	110799
17.5342	111000
17.8178	111202
18.106	111403
18.3989	112169
18.6964	113917
18.9988	115691
19.3061	117492
19.6184	119321
19.9357	121180
20.2582	123744
20.5858	126447
20.9188	129209
21.2571	132032
21.6009	134915
21.9503	136800
22.3053	138395
22.6661	140009
23.0327	141641
23.4053	143292
23.7838	144608
24.1685	143208
24.5594	141820
24.9566	140447
25.3603	139086
25.7705	137740
26.1873	137315
26.6109	136892
27.0413	136470
27.4786	136049
27.9231	135630
28.3747	135340
28.8337	135701
29.3	136064
29.7739	136428
30.2555	136793
30.7449	137158
31.2421	137301
31.7475	137331
32.2609	137362
32.7827	137394
33.313	137424
33.8518	137455
34.3993	137486
34.9557	137039
35.5211	136513
36.0956	135988
36.6794	135466
37.2727	134945
37.8755	134427
38.4882	133911
39.1107	133396
39.7433	132884
40.3861	132373
41.0393	131865
41.7031	131264
42.3776	130654
43.063	130046
43.7595	129443
44.4673	128840
45.1865	128242
45.9174	127646
46.66	127053
47.4147	126463
48.1816	125795
48.9609	125114
49.7528	124435
50.5576	123761
51.3753	123090
52.2062	122423
53.0506	121760
53.9087	121099
54.7806	120443
55.6667	119790
56.567	119141
57.482	118495
58.4117	117691
59.3564	116750
60.3165	115816
61.2921	114890
62.2834	113971
63.2908	113059
64.3145	112155
65.3547	111259
66.4118	110371
67.4859	109490
68.5775	108616
69.6867	107749
70.8138	106822
71.9592	105165
73.123	103532
74.3057	101926
75.5076	100344
76.7289	98258.1
77.9699	95977.7
79.231	93750.4
80.5125	91575
81.8147	89281.1
83.138	86958.3
84.4827	84695.9
85.8492	82492.7
87.2377	80346.2
88.6487	77204.6
90.0825	74026.7
91.5395	70979.3
93.0201	68057.2
94.5247	63536.2
96.0535	58350.1
97.6071	53388.9
99.1858	46446.2
100.79	40406.3
102.42	35151.5
104.077	30581.3
105.76	26603.9
107.471	23060.8
109.209	19795.8
110.975	16993
112.77	14587.5
114.594	12522.4
116.448	10750.1
118.331	9463.75
120.245	8603.93
122.19	7822.24
124.166	7111.47
126.175	6465.53
128.215	5961.13
130.289	5523.35
132.397	5117.77
134.538	4897.36
136.714	4703.37
138.925	4566.28
141.172	4469.96
143.456	4479.85
145.776	4483.48
148.134	4481.35
150.53	4571.14
152.964	4703.73
155.439	4840.02
157.953	4980.34
160.507	5225.69
163.103	5550.19
165.742	5892.99
168.422	6208.02
171.146	6535.21
173.915	6733.95
176.727	6938.93
179.586	7149.99
182.491	7250.35
185.442	7345.08
188.442	7440.95
191.49	7506.03
194.587	7531.78
197.734	7553.52
200.932	7552.89
204.182	7552.25
207.485	7551.58
210.84	7550.99
214.251	7550.32
217.716	7549.68
221.237	7549.06
224.816	7548.4
228.452	7547.79
232.147	7547.14
235.902	7546.5
239.717	7503.2
243.595	7443.16
247.535	7383.61
251.538	7324.53
255.607	7265.92
259.741	7195.55
263.942	7120.09
268.211	7045.4
272.549	6971.49
276.957	6898
281.437	6766.92
285.989	6638.36
290.615	6512.21
295.315	6388.28
300.092	6266.53
304.945	6147.08
309.878	5988.25
314.89	5822.82
319.983	5679.16
325.158	5554.94
330.418	5386.44
335.762	5204.22
341.192	5099.12
346.711	5088.25
352.319	5072.3
358.017	5153
363.808	5303.56
369.692	5483.95
375.672	5803.27
381.748	6440.69
387.922	7448.21
394.197	9134.37
400.573	11017.6
407.052	12890.4
413.635	14639.9
420.326	16192.9
427.124	17329.7
434.032	18174.9
441.052	18598.9
448.186	19032.8
455.435	19298.9
462.802	19562.7
470.287	19830.3
477.894	19943.2
485.623	20047.1
493.478	19935.7
501.459	19816.5
509.57	19697.9
517.812	19580.2
526.187	19439.1
534.698	19274.9
543.346	19112.1
552.134	18950.6
561.065	18790.4
570.14	18631.7
579.361	18340.4
588.732	17976.2
598.254	17619.2
607.93	17269.4
617.763	16926.4
627.755	16588
637.909	16255.5
648.226	15929.6
658.711	15610.3
669.365	15297.4
680.191	14990.7
691.193	14690.2
702.372	14395.7
713.733	14107.1
725.277	13824.3
737.008	13400.1
748.928	12985.1
761.042	12611.9
773.351	12284.5
785.859	11965.6
798.57	11595.4
811.486	11178.3
824.611	10778
837.949	10478.6
851.502	10187.4
865.274	9904.33
879.269	9520.91
893.491	9136.54
907.942	8767.71
922.628	8449.51
937.551	8169.03
952.715	7894.46
968.124	7623.1
983.783	7361.36
999.695	7107.9
1015.86	6862.4
1032.29	6619.17
1048.99	6383.09
1065.96	6153.91
1083.2	5932.97
1100.72	5719.95
1118.52	5514.57
1136.61	5316.62
1155	5125.81
1173.68	4941.78
1192.66	4764.33
1211.95	4593.25
1231.55	4428.31
1251.47	4269.46
1271.72	4116.45
1292.28	3968.98
1313.19	3826.84
1334.43	3689.8
1356.01	3557.65
1377.94	3430.24
1400.23	3307.4
1422.88	3188.96
1445.89	3074.74
1469.28	2963.87
1493.04	2855.86
1517.19	2747.26
1541.73	2642.17
1566.67	2541.11
1592.01	2443.96
1617.76	2350.5
1643.92	2260.58
1670.51	2174.08
1697.53	2090.9
1724.99	2010.95
1752.89	1933.13
1781.24	1857.98
1810.05	1785.47
1839.32	1715.87
1869.07	1648.97
1899.3	1584.63
1930.02	1522.84
1961.24	1463.47
1992.96	1406.43
2025.2	1352.02
2057.95	1299.07
2091.24	1248.06
2125.06	1199.01
2159.43	1151.88
2194.36	1106.59
2229.85	1063.11
2265.92	1021.28
2302.57	981.092
2339.81	942.481
2377.66	905.391
2416.11	869.76
2455.19	835.543
2494.9	802.677
2535.26	771.122
2576.26	740.816
2617.93	711.72
2660.27	683.775
2703.3	656.956
2747.03	631.213
2791.46	606.488
2836.61	582.754
2882.49	559.981
2929.11	538.118
2976.48	517.134
3024.63	496.996
3073.55	477.672
3123.26	459.121
3173.78	441.318
3225.11	424.232
3277.27	407.836
3330.28	392.099
3384.15	1229.68
3438.88	1181.26
3494.5	1134.79
3551.02	1493.15
3608.46	1434.43
3666.82	1378.01
3726.13	1323.75
3786.4	1271.68
3847.64	1401.72
3909.87	1348.72
3973.11	1297.53
4037.37	1247.89
4102.68	1200.01
4169.03	1153.71
4236.46	1108.99
4304.99	1065.85
4374.62	1024.25
4445.37	984.015
4517.27	945.244
4590.34	907.873
4664.58	871.831
4740.03	837.102
4816.69	803.654
4894.6	771.436
4973.77	740.406
5054.21	710.53
5135.96	681.782
5219.03	654.119
5303.44	627.503
5389.22	601.908
5476.39	577.288
5564.97	553.626
5654.98	530.869
5746.44	509.004
5839.38	487.993
5933.83	467.803
6029.81	448.409
6127.33	429.781
6226.44	411.892
6327.15	394.72
6429.48	378.235
6533.48	362.403
6639.15	347.216
6746.53	332.638
6855.65	318.653
6966.54	305.224
7079.22	292.353
7193.72	280.004
7310.07	268.163
7428.31	256.81
7548.45	245.92
7670.54	235.474
7794.61	225.463
7920.68	215.874
8048.79	206.671
8178.97	197.858
8311.26	189.408
8445.69	181.317
8582.29	173.559
8721.11	166.128
8862.16	159.005
9005.5	152.186
9151.16	145.659
9299.17	139.4
9449.58	133.403
9602.42	127.666
9757.73	122.173
9915.55	116.905
10075.9	111.865
10238.9	107.04
10404.5	102.421
10572.8	97.9983
10743.8	93.7646
10917.6	89.7118
11094.2	85.8326
11273.6	82.1184
11455.9	78.5638
11641.2	75.1625
11829.5	71.9069
12020.8	68.791
12215.3	65.8101
12412.9	62.9562
12613.6	60.2263
12817.6	57.6138
13025	55.1146
13235.6	52.7222
13449.7	50.4342
13667.2	48.2443
13888.3	46.1501
14112.9	44.1458
14341.2	42.2288
14573.1	40.3944
14808.9	38.6403
15048.4	36.9618
15291.8	35.3564
15539.1	33.8205
15790.4	32.3512
16045.8	30.9461
16305.4	29.602
16569.1	28.3164
16837.1	27.0866
17109.4	25.9103
17386.1	24.7852
17667.4	23.7093
17953.1	22.6802
18243.5	21.6957
18538.6	20.7544
18838.4	19.8539
19143.1	18.9927
19452.7	18.1691
19767.4	17.3814
20087.1	16.628
20412	15.9075
20742.1	15.2183
21077.6	14.5592
21418.5	13.9289
21765	13.3261
22117	12.7495
22474.7	12.198
22838.2	11.6706
23207.6	11.1662
23583	10.6839
23964.4	10.2225
24352	9.78119
24745.9	9.35917
25146.1	8.95555
25552.9	54.2448
25966.2	52.0673
26386.1	49.9694
26812.9	47.9495
27246.6	46.0047
27687.3	44.1328
28135.1	42.3314
28590.2	40.5984
29052.6	38.9314
29522.5	37.3284
30000	35.7871
