10	37095.8
10.1617	38141.4
10.3261	39215.4
10.4931	40320.3
10.6628	41456.6
10.8353	42592.5
11.0106	43755.9
11.1886	44952.8
11.3696	46165.7
11.5535	47379.5
11.7404	48624.8
11.9303	49873.1
12.1232	50894.3
12.3193	51935.5
12.5186	52923.9
12.721	53697.7
12.9268	54481.5
13.1359	55277.1
13.3483	56085.1
13.5642	56904.2
13.7836	57834.4
14.0066	58787.2
14.2331	59756.8
14.4633	60742
14.6973	61742.7
14.935	62755
15.1765	63508.9
15.422	64270.9
15.6714	65042.8
15.9249	65826.7
16.1825	66630
16.4442	67443.4
16.7102	68266.4
16.9805	69099.5
17.2551	70400.3
17.5342	72213
17.8178	74072.4
18.106	75979.7
18.3989	77809.5
18.6964	79623.5
18.9988	81478.7
19.3061	83377.2
19.6184	85319.6
19.9357	87046
20.2582	88787.2
20.5858	90564.5
20.9188	92376.1
21.2571	94225
21.6009	95500.4
21.9503	95902.8
22.3053	96306.9
22.6661	95526
23.0327	92823.8
23.4053	90198.5
23.7838	86834.2
24.1685	83516.1
24.5594	80020.3
24.9566	76287.9
25.3603	74141
25.7705	73225.8
26.1873	72321.8
26.6109	71428.9
27.0413	72366.5
27.4786	73529.4
27.9231	74710.4
28.3747	77291
28.8337	80095.9
29.3	83003.1
29.7739	85714.3
30.2555	87388.8
30.7449	87678.5
31.2421	87970.7
31.7475	86696.3
32.2609	83631.1
32.7827	81579.9
33.313	80028.8
33.8518	78506.3
34.3993	77013.3
34.9557	75544.9
35.5211	74100.7
36.0956	72683.9
36.6794	71294.6
37.2727	70222.9
37.8755	69351.6
38.4882	68490.9
39.1107	67641
39.7433	66801.5
40.3861	66059.3
41.0393	65398.2
41.7031	64744.6
42.3776	64097.2
43.063	63456
43.7595	62821.9
44.4673	62048.7
45.1865	60905.1
45.9174	59782.1
46.66	58680
47.4147	57564.8
48.1816	56422
48.9609	55301.4
49.7528	54203.5
50.5576	53530.1
51.3753	53242.3
52.2062	52955.9
53.0506	52671.6
53.9087	52388.4
54.7806	52331.4
55.6667	52557.9
56.567	52785.7
57.482	53014.3
58.4117	53243.9
59.3564	53249.1
60.3165	52873
61.2921	52499.8
62.2834	52129
63.2908	51142.3
64.3145	49555.7
65.3547	47986.3
66.4118	46201.5
67.4859	44483.2
68.5775	42828.8
69.6867	41236.1
70.8138	40132.6
71.9592	39188.6
73.123	38267.2
74.3057	37434.4
75.5076	36741.8
76.7289	36062.1
77.9699	35241.2
79.231	34203.3
80.5125	33195.6
81.8147	32217.9
83.138	31887.8
84.4827	32752.3
85.8492	31322.9
87.2377	29918.3
88.6487	28278.4
90.0825	26728.1
91.5395	25263
93.0201	23687.8
94.5247	22204.8
96.0535	20973
97.6071	19933.8
99.1858	18946.1
100.79	18007.3
102.42	17034.9
104.077	16083.6
105.76	15185.1
107.471	14337
109.209	13644.1
110.975	13030.2
112.77	12444
114.594	11884.1
116.448	11349.6
118.331	10862.9
120.245	10407.4
122.19	9971.08
124.166	9553
126.175	9152.55
128.215	8732.38
130.289	8237.18
132.397	7770.12
134.538	7392.03
136.714	7180.01
138.925	6974.05
141.172	6774.01
143.456	6579.74
145.776	6466.2
148.134	6424.51
150.53	6383.08
152.964	6341.95
155.439	6301.03
157.953	6281.43
160.507	6385.16
163.103	6490.56
165.742	6597.61
168.422	6706.56
171.146	6873.02
173.915	7140.51
176.727	7418.67
179.586	7707.45
182.491	8007.5
185.442	8322.39
188.442	8651.62
191.49	8994.08
194.587	9349.83
197.734	9719.84
200.932	10096.5
204.182	10459.6
207.485	10835.8
210.84	11225.8
214.251	11621.8
217.716	11887.9
221.237	12160.1
224.816	12438.4
228.452	12723.2
232.147	13014.5
235.902	13255.7
239.717	13474.6
243.595	13696.9
247.535	13923
251.538	14152.8
255.607	14320.6
259.741	14483.6
263.942	14648.4
268.211	14815.2
272.549	14983.9
276.957	15089.7
281.437	15140.5
285.989	15191.4
290.615	15242.4
295.315	15293.8
300.092	15345.2
304.945	15396.8
309.878	15448.6
314.89	15460
319.983	15460
325.158	15460
330.418	15460
335.762	15460
341.192	15460
346.711	15460
352.319	15457.8
358.017	15361.7
363.808	15266.2
369.692	15171.3
375.672	15077
381.748	14983.3
387.922	14890.1
394.197	14797.5
400.573	14705.5
407.052	14568.5
413.635	14410.4
420.326	14253.9
427.124	14099.2
434.032	13946.2
441.052	13794.8
448.186	13645.1
455.435	13482
462.802	13306.5
470.287	13133.4
477.894	12962.5
485.623	12793.8
493.478	12627.4
501.459	12463.1
509.57	12300.9
517.812	12136.7
526.187	11973.4
534.698	11812.2
543.346	11653.2
552.134	11496.3
561.065	11341.6
570.14	11187.4
579.361	11028.7
588.732	10872.3
598.254	10718
607.93	10566
617.763	10416.1
627.755	10268.3
637.909	10122.7
648.226	9979.1
658.711	9807.75
669.365	9613.89
680.191	9423.9
691.193	9237.61
702.372	9055.05
713.733	8876.09
725.277	8700.67
737.008	8532.27
748.928	8367.25
761.042	8205.44
773.351	8046.75
785.859	7891.13
798.57	7738.46
811.486	7569.24
824.611	7403.71
837.949	7241.81
851.502	7083.47
865.274	6928.58
879.269	6775.78
893.491	6593.14
907.942	6415.43
922.628	6242.51
937.551	6074.24
952.715	5910.51
968.124	5741.83
983.783	5573.18
999.695	5409.48
1015.86	5250.56
1032.29	5096.35
1048.99	4922.87
1065.96	4742.97
1083.2	4569.6
1100.72	4402.59
1118.52	4241.66
1136.61	4086.63
1155	3937.19
1173.68	3793.18
1192.66	3654.42
1211.95	3520.76
1231.55	3395
1251.47	3283.9
1271.72	3176.45
1292.28	3072.5
1313.19	2971.96
1334.43	2865.29
1356.01	2760.74
1377.94	2660.03
1400.23	2562.99
1422.88	2469.5
1445.89	2387.75
1469.28	2309.8
1493.04	2234.05
1517.19	2132.38
1541.73	2034.75
1566.67	1946.45
1592.01	1875.15
1617.76	1807.55
1643.92	1741.5
1670.51	1668.61
1697.53	1603.78
1724.99	1548.36
1752.89	1488.37
1781.24	1440.14
1810.05	1399.02
1839.32	1345.09
1869.07	1298.39
1899.3	1260.2
1930.02	1213.18
1961.24	1162.34
1992.96	1119.8
2025.2	1080.72
2057.95	1039.6
2091.24	998.235
2125.06	957.143
2159.43	918.308
2194.36	878.666
2229.85	1063.87
2265.92	1903.76
2302.57	1979.5
2339.81	2584.34
2377.66	2689.09
2416.11	2682.76
2455.19	2620.74
2494.9	2571.66
2535.26	2510.45
2576.26	2431.48
2617.93	2360.54
2660.27	2331.58
2703.3	2261.77
2747.03	2403.47
2791.46	2438.87
2836.61	2365.43
2882.49	2303.11
2929.11	2235.73
2976.48	2156.61
3024.63	2083.83
3073.55	2015.89
3123.26	1945.82
3173.78	1933.31
3225.11	1914.11
3277.27	1846.45
3330.28	1783.47
3384.15	1721.53
3438.88	1683.86
3494.5	1648.44
3551.02	1577.81
3608.46	1517.01
3666.82	1460.44
3726.13	1406.61
3786.4	1355.57
3847.64	1303.8
3909.87	1253.86
3973.11	1206.13
4037.37	1160.28
4102.68	1114.47
4169.03	1072
4236.46	1021.83
4304.99	991.185
4374.62	952.328
4445.37	916.956
4517.27	881.268
4590.34	847.378
4664.58	814.381
4740.03	782.761
4816.69	752.458
4894.6	724.019
4973.77	696.38
5054.21	671.325
5135.96	646.46
5219.03	620.69
5303.44	602.504
5389.22	576.214
5476.39	553.362
5564.97	531.449
5654.98	510.63
5746.44	490.813
5839.38	472.751
5933.83	451.976
6029.81	435.738
6127.33	417.812
6226.44	400.681
6327.15	384.363
6429.48	368.692
6533.48	353.633
6639.15	339.171
6746.53	325.281
6855.65	311.948
6966.54	299.144
7079.22	286.854
7193.72	275.049
7310.07	263.726
7428.31	252.866
7548.45	242.444
7670.54	232.437
7794.61	222.842
7920.68	213.642
8048.79	204.82
8178.97	196.36
8311.26	188.245
8445.69	180.462
8582.29	173.001
8721.11	165.85
8862.16	158.998
9005.5	152.433
9151.16	146.141
9299.17	140.11
9449.58	134.328
9602.42	128.787
9757.73	123.478
9915.55	118.391
10075.9	113.52
10238.9	108.854
10404.5	104.385
10572.8	100.104
10743.8	96.0031
10917.6	92.0758
11094.2	88.3144
11273.6	84.7112
11455.9	81.2604
11641.2	77.9562
11829.5	74.792
12020.8	178.76
12215.3	171.126
12412.9	163.814
12613.6	156.817
12817.6	150.118
13025	143.707
13235.6	137.567
13449.7	131.691
13667.2	126.065
13888.3	168.435
14112.9	161.379
14341.2	154.619
14573.1	170.793
14808.9	164.159
15048.4	157.757
15291.8	151.58
15539.1	145.623
15790.4	139.878
16045.8	134.342
16305.4	129.007
16569.1	123.866
16837.1	118.916
17109.4	114.148
17386.1	109.558
17667.4	105.142
17953.1	100.891
18243.5	96.8015
18538.6	92.868
18838.4	89.0847
19143.1	85.4475
19452.7	81.9506
19767.4	78.5901
20087.1	75.36
20412	72.2566
20742.1	69.2748
21077.6	66.4109
21418.5	63.6604
21765	61.0194
22117	58.4833
22474.7	56.0486
22838.2	53.7115
23207.6	51.4687
23583	49.3163
23964.4	47.2508
24352	45.2691
24745.9	43.3682
25146.1	41.5449
25552.9	39.7959
25966.2	38.1185
26386.1	36.5098
26812.9	34.9676
27246.6	33.4889
27687.3	32.0713
28135.1	30.7123
28590.2	29.4098
29052.6	28.1613
29522.5	26.9648
30000	25.8182
