10	282677
10.1617	293570
10.3261	304875
10.4931	316622
10.6628	328820
10.8353	341931
11.0106	356884
11.1886	372509
11.3696	388802
11.5535	405812
11.7404	423561
11.9303	442092
12.1232	459390
12.3193	477240
12.5186	495779
12.721	515058
12.9268	535065
13.1359	555856
13.3483	577466
13.5642	592062
13.7836	605644
14.0066	619532
14.2331	633750
14.4633	648293
14.6973	660538
14.935	667599
15.1765	674735
15.422	681942
15.6714	689229
15.9249	696590
16.1825	701881
16.4442	700436
16.7102	698993
16.9805	697553
17.2551	696116
17.5342	694682
17.8178	692178
18.106	685487
18.3989	678861
18.6964	672301
18.9988	665803
19.3061	659368
19.6184	652994
19.9357	646683
20.2582	640432
20.5858	628799
20.9188	614964
21.2571	601434
21.6009	588201
21.9503	575259
22.3053	562602
22.6661	550223
23.0327	537404
23.4053	520727
23.7838	504564
24.1685	488906
24.5594	473732
24.9566	459028
25.3603	444784
25.7705	430980
26.1873	417519
26.6109	403309
27.0413	389580
27.4786	376319
27.9231	363511
28.3747	351138
28.8337	339187
29.3	327641
29.7739	316489
30.2555	305246
30.7449	294396
31.2421	283930
31.7475	273838
32.2609	264103
32.7827	254715
33.313	245661
33.8518	236929
34.3993	228507
34.9557	220385
35.5211	212835
36.0956	205592
36.6794	198595
37.2727	191837
37.8755	185309
38.4882	179004
39.1107	172912
39.7433	166610
40.3861	160176
41.0393	153990
41.7031	148042
42.3776	142325
43.063	136829
43.7595	131544
44.4673	126464
45.1865	121658
45.9174	117783
46.66	114031
47.4147	110399
48.1816	106883
48.9609	103479
49.7528	100183
50.5576	96991.6
51.3753	93901.9
52.2062	90910.7
53.0506	88015.5
53.9087	85486.5
54.7806	83244.5
55.6667	81061.2
56.567	78934.8
57.482	76864.2
58.4117	74848.5
59.3564	72885.1
60.3165	70973.5
61.2921	68963
62.2834	66652.6
63.2908	64419.9
64.3145	62261.6
65.3547	60175.4
66.4118	58159.4
67.4859	56211
68.5775	54327.8
69.6867	52508
70.8138	50748.5
71.9592	49048.3
73.123	47405.3
74.3057	45817.1
75.5076	44282.2
76.7289	42798.7
77.9699	41364.8
79.231	39979
80.5125	38639.6
81.8147	37345.1
83.138	36094
84.4827	34884.8
85.8492	33716
87.2377	32586.5
88.6487	31494.8
90.0825	30439.6
91.5395	29419.8
93.0201	28434.2
94.5247	27481.6
96.0535	26560.9
97.6071	25671.1
99.1858	24811
100.79	23979.8
102.42	23176.4
104.077	22400
105.76	21649.5
107.471	20924.3
109.209	20223.2
110.975	19545.6
112.77	18890.8
114.594	18257.9
116.448	17646.3
118.331	17055.1
120.245	16483.7
122.19	15931.5
124.166	15397.7
126.175	14882
128.215	14383.3
130.289	13901.4
132.397	13435.8
134.538	12953.6
136.714	12488.7
138.925	12040.4
141.172	11608.2
143.456	11191.7
145.776	10790
148.134	10402.7
150.53	10029.4
152.964	9669.36
155.439	9322.4
157.953	8987.81
160.507	8665.17
163.103	8354.17
165.742	8054.4
168.422	7765.28
171.146	7486.58
173.915	7217.91
176.727	6958.83
179.586	6709.08
182.491	6468.31
185.442	6236.12
188.442	5967.63
191.49	5709.79
194.587	5463.16
197.734	5227.15
200.932	5001.32
204.182	4785.26
207.485	4578.57
210.84	4380.74
214.251	4191.51
217.716	4010.42
221.237	3840.25
224.816	3683.54
228.452	3533.21
232.147	3389.01
235.902	3250.71
239.717	3118.03
243.595	2990.8
247.535	2861.41
251.538	2711.45
255.607	2569.38
259.741	2434.72
263.942	2307.13
268.211	2186.24
272.549	2071.67
276.957	1963.1
281.437	1860.23
285.989	50941.6
290.615	49159.4
295.315	47439.4
300.092	45779.7
304.945	44177.8
309.878	42632.4
314.89	41140.7
319.983	39701.2
325.158	38312.1
330.418	36971.9
335.762	35678.3
341.192	34429.9
346.711	33225.3
352.319	32062.9
358.017	30941.1
363.808	29858.6
369.692	28813.9
375.672	27805.7
381.748	26764.7
387.922	25721.7
394.197	24719.3
400.573	23756
407.052	22830.1
413.635	21940.4
420.326	21085.4
427.124	20263.6
434.032	19473.9
441.052	18715
448.186	17985.6
455.435	17284.6
462.802	16611.1
470.287	15963.7
477.894	15341.6
485.623	14743.1
493.478	14157.2
501.459	13594.4
509.57	13054
517.812	12535.2
526.187	12036.9
534.698	11558.4
543.346	11099
552.134	10657.8
561.065	10234.2
570.14	9827.32
579.361	9436.71
588.732	9061.64
598.254	8701.44
607.93	8355.54
617.763	8023.44
627.755	7704.48
637.909	7398.25
648.226	7104.15
658.711	6821.8
669.365	6550.6
680.191	6296.4
691.193	6058.02
702.372	5830.61
713.733	5593.56
725.277	5354.11
737.008	5124.96
748.928	4905.62
761.042	4695.66
773.351	4494.63
785.859	4302.11
798.57	4117.77
811.486	3941.3
824.611	3772.42
837.949	3610.81
851.502	3455.67
865.274	3306.7
879.269	3163.73
893.491	3026.98
907.942	2896.14
922.628	2770.98
937.551	2650.63
952.715	2535.42
968.124	2425.14
983.783	2319.6
999.695	2218.68
1015.86	2122.18
1032.29	2030.08
1048.99	1941.11
1065.96	1855.12
1083.2	1773
1100.72	1694.47
1118.52	1619.35
1136.61	1547.63
1155	1479.1
1173.68	1413.59
1192.66	1351
1211.95	1291.17
1231.55	1233.97
1251.47	1179.01
1271.72	1126.18
1292.28	1075.31
1313.19	1026.76
1334.43	980.406
1356.01	936.127
1377.94	893.857
1400.23	853.498
1422.88	814.954
1445.89	778.149
1469.28	742.987
1493.04	709.361
1517.19	677.091
1541.73	646.265
1566.67	616.84
1592.01	588.753
1617.76	561.945
1643.92	536.356
1670.51	511.935
1697.53	488.627
1724.99	466.387
1752.89	445.019
1781.24	424.585
1810.05	405.056
1839.32	386.426
1869.07	368.657
1899.3	351.705
1930.02	335.532
1961.24	320.103
1992.96	305.382
2025.2	291.438
2057.95	277.976
2091.24	265.128
2125.06	252.863
2159.43	241.155
2194.36	229.981
2229.85	219.313
2265.92	209.135
2302.57	199.419
2339.81	190.149
2377.66	181.294
2416.11	172.851
2455.19	164.795
2494.9	157.103
2535.26	149.768
2576.26	142.77
2617.93	136.087
2660.27	129.72
2703.3	123.636
2747.03	117.835
2791.46	112.303
2836.61	107.031
2882.49	101.988
2929.11	97.1897
2976.48	92.6083
3024.63	88.2395
3073.55	84.0719
3123.26	80.0972
3173.78	76.3067
3225.11	72.6919
3277.27	69.2443
3330.28	65.9567
3384.15	62.8224
3438.88	59.833
3494.5	56.9828
3551.02	54.265
3608.46	51.6735
3666.82	49.2031
3726.13	46.8481
3786.4	44.603
3847.64	42.4618
3909.87	40.4217
3973.11	38.4768
4037.37	36.6363
4102.68	34.8695
4169.03	33.1857
4236.46	31.5826
4304.99	30.0548
4374.62	28.6
4445.37	27.2147
4517.27	25.8948
4590.34	24.6377
4664.58	23.4401
4740.03	22.3001
4816.69	21.2145
4894.6	20.1808
4973.77	19.1965
5054.21	18.2594
5135.96	17.367
5219.03	16.5179
5303.44	15.7091
5389.22	14.9389
5476.39	14.2056
5564.97	13.5078
5654.98	12.8442
5746.44	12.2121
5839.38	11.6103
5933.83	11.0373
6029.81	10.4926
6127.33	9.97435
6226.44	9.48072
6327.15	9.01117
6429.48	8.56444
6533.48	8.13939
6639.15	7.73502
6746.53	7.35031
6855.65	6.98438
6966.54	6.63626
7079.22	6.30503
7193.72	5.99005
7310.07	5.69045
7428.31	5.40562
7548.45	5.13463
7670.54	4.87697
7794.61	4.63202
7920.68	4.39903
8048.79	4.17751
8178.97	3.96693
8311.26	3.76674
8445.69	3.5764
8582.29	3.3955
8721.11	3.22358
8862.16	3.06012
9005.5	2.90475
9151.16	2.75714
9299.17	2.61684
9449.58	2.48358
9602.42	2.35694
9757.73	2.23653
9915.55	2.12221
10075.9	2.01359
10238.9	1.91043
10404.5	1.81243
10572.8	1.71936
10743.8	1.63095
10917.6	1.54701
11094.2	1.4673
11273.6	1.39159
11455.9	1.31971
11641.2	1.25148
11829.5	1.1867
12020.8	1.12521
12215.3	1.06687
12412.9	1.01146
12613.6	0.958898
12817.6	0.909012
13025	0.861691
13235.6	0.816772
13449.7	0.774167
13667.2	0.733743
13888.3	0.695409
14112.9	0.65904
14341.2	0.624555
14573.1	0.591843
14808.9	0.56084
15048.4	0.531433
15291.8	0.503557
15539.1	0.477127
15790.4	0.452074
16045.8	0.428333
16305.4	0.405838
16569.1	0.384514
16837.1	0.36431
17109.4	0.34517
17386.1	0.327035
17667.4	0.309864
17953.1	0.293593
18243.5	0.278188
18538.6	0.2636
18838.4	0.249784
19143.1	0.236706
19452.7	0.224326
19767.4	0.21261
20087.1	0.202826
20412	0.191914
20742.1	0.181597
21077.6	0.171846
21418.5	0.162626
21765	0.153911
22117	0.145669
22474.7	0.137875
22838.2	0.130505
23207.6	0.123536
23583	0.116945
23964.4	0.110711
24352	0.104814
24745.9	0.0992374
25146.1	0.0939619
25552.9	0.0889706
25966.2	0.0842486
26386.1	0.0797803
26812.9	0.0755535
27246.6	0.0715537
27687.3	0.067769
28135.1	0.064187
28590.2	0.0607974
29052.6	0.0575891
29522.5	0.0545525
30000	0.0516784
