10	4494.11
10.1617	4677.26
10.3261	4867.71
10.4931	5066.03
10.6628	5272.43
10.8353	5487.13
11.0106	5710.57
11.1886	5943.35
11.3696	6126.19
11.5535	6290.48
11.7404	6459.15
11.9303	6632.38
12.1232	6810.34
12.3193	6927.97
12.5186	7026.84
12.721	7127.25
12.9268	7228.97
13.1359	7315.16
13.3483	7377.63
13.5642	7440.57
13.7836	7504.05
14.0066	7568
14.2331	7638.49
14.4633	7744.2
14.6973	7851.32
14.935	7959.97
15.1765	8070.21
15.422	8181.57
15.6714	8265.69
15.9249	8350.62
16.1825	8436.45
16.4442	8523.12
16.7102	8610.73
16.9805	8701.93
17.2551	8795.11
17.5342	8889.23
17.8178	8984.38
18.106	9057.32
18.3989	9113.47
18.6964	9170.07
18.9988	9226.93
19.3061	9297.7
19.6184	9430.8
19.9357	9565.83
20.2582	9702.77
20.5858	9841.8
20.9188	9969.59
21.2571	10096.5
21.6009	10225
21.9503	10355.1
22.3053	10486.9
22.6661	10642.9
23.0327	10802.9
23.4053	10965.3
23.7838	11130.2
24.1685	11297.5
24.5594	11548
24.9566	11851.5
25.3603	12162.7
25.7705	12482.3
26.1873	12810.3
26.6109	13093.9
27.0413	13377.8
27.4786	14138.2
27.9231	15566
28.3747	17844
28.8337	20985.8
29.3	28505
29.7739	40619.4
30.2555	328971
30.7449	467258
31.2421	534245
31.7475	577006
32.2609	612422
32.7827	645761
33.313	653744
33.8518	661830
34.3993	670015
34.9557	671439
35.5211	666637
36.0956	661870
36.6794	649889
37.2727	630906
37.8755	607907
38.4882	582237
39.1107	556414
39.7433	498232
40.3861	446142
41.0393	399493
41.7031	357723
42.3776	320319
43.063	286825
43.7595	254294
44.4673	224793
45.1865	198715
45.9174	175663
46.66	155284
47.4147	137269
48.1816	121345
48.9609	107268
49.7528	94824
50.5576	82145.3
51.3753	69275.9
52.2062	58422.5
53.0506	49270
53.9087	41543.7
54.7806	34837.8
55.6667	29214.6
56.567	24498.6
57.482	20544.3
58.4117	17611.1
59.3564	15289.2
60.3165	13273.5
61.2921	11791.8
62.2834	10980.5
63.2908	10383.2
64.3145	10154
65.3547	10154
66.4118	10215.9
67.4859	10729.8
68.5775	11269.4
69.6867	12013
70.8138	12825.1
71.9592	13642.3
73.123	14243.9
74.3057	14872.1
75.5076	15527.9
76.7289	16116.5
77.9699	16609
79.231	17116.4
80.5125	17639.4
81.8147	18178.3
83.138	18733.8
84.4827	19211.3
85.8492	19600.9
87.2377	19998.3
88.6487	20403.7
90.0825	20817.4
91.5395	21239.5
93.0201	21670.2
94.5247	22049.5
96.0535	22135.4
97.6071	22221.6
99.1858	22308.3
100.79	22395.2
102.42	22482.6
104.077	22570.1
105.76	22582.4
107.471	22537.3
109.209	22492.4
110.975	22447.6
112.77	22402.8
114.594	22358.2
116.448	22295.6
118.331	22027.7
120.245	21762.7
122.19	21501
124.166	21242.5
126.175	21016.5
128.215	20851.4
130.289	20687.5
132.397	20524.9
134.538	20363.7
136.714	20203.6
138.925	20044.8
141.172	19887.3
143.456	19731
145.776	19511.4
148.134	19188.5
150.53	18871
152.964	18558.7
155.439	18251.6
157.953	17949.6
160.507	17652.6
163.103	17360.5
165.742	17073.3
168.422	16751.1
171.146	16274.1
173.915	15810.8
176.727	15360.6
179.586	14923.3
182.491	14498.4
185.442	14089.6
188.442	13697.9
191.49	13317
194.587	12946.8
197.734	12586.8
200.932	12236.8
204.182	11896.6
207.485	11565.9
210.84	11279
214.251	11014.2
217.716	10755.5
221.237	10502.9
224.816	10256.3
228.452	10015.4
232.147	9780.28
235.902	9508.27
239.717	9242.08
243.595	8983.36
247.535	8731.88
251.538	8487.44
255.607	8211.24
259.741	7932.35
263.942	7662.92
268.211	7402.69
272.549	7151.27
276.957	6950.17
281.437	6757.22
285.989	6569.64
290.615	6387.26
295.315	6209.9
300.092	6037.42
304.945	5869.7
309.878	5706.65
314.89	5549.04
319.983	5406.05
325.158	5266.72
330.418	5130.98
335.762	4998.74
341.192	4869.91
346.711	44705.3
352.319	43401.9
358.017	42136.6
363.808	40908.1
369.692	39715.4
375.672	38557.3
381.748	37433.1
387.922	36350.9
394.197	35320.7
400.573	34599.1
407.052	34001.4
413.635	33414.3
420.326	32837.5
427.124	32270.6
434.032	31713.4
441.052	31165.3
448.186	30581.6
455.435	29786.4
462.802	28859.8
470.287	27882.4
477.894	26938.2
485.623	26026.4
493.478	25145.6
501.459	24294.1
509.57	23471.5
517.812	22676
526.187	21904.6
534.698	21154.2
543.346	20427.3
552.134	19725.3
561.065	19029.4
570.14	18350.5
579.361	17701.9
588.732	17078.2
598.254	16477.8
607.93	15898.8
617.763	15340.2
627.755	14800.2
637.909	14266.3
648.226	13733.3
658.711	13208.3
669.365	12703.3
680.191	12247
691.193	11829.2
702.372	11429.6
713.733	11016.1
725.277	10599.3
737.008	10198.2
748.928	9812.56
761.042	9441.57
773.351	9082.96
785.859	8733.3
798.57	8393.38
811.486	8066.71
824.611	7752.76
837.949	7451.04
851.502	7161.6
865.274	6883.97
879.269	6617.62
893.491	6361.6
907.942	6115.47
922.628	5878.83
937.551	5650.95
952.715	5431.8
968.124	5221.06
983.783	5018.44
999.695	4823.33
1015.86	4635.42
1032.29	4451.31
1048.99	4273.67
1065.96	4102.24
1083.2	3937.68
1100.72	3779.71
1118.52	3628.04
1136.61	3482.5
1155	3342.85
1173.68	3208.81
1192.66	3080.08
1211.95	2956.51
1231.55	2837.87
1251.47	2724.05
1271.72	2614.85
1292.28	2510
1313.19	2409.35
1334.43	2312.74
1356.01	2219.99
1377.94	2130.97
1400.23	2045.51
1422.88	1963.46
1445.89	1884.71
1469.28	1808.7
1493.04	1735.07
1517.19	1661.69
1541.73	1591.06
1566.67	1523.45
1592.01	1458.66
1617.76	1396.66
1643.92	1337.34
1670.51	1280.5
1697.53	1226.06
1724.99	1173.91
1752.89	1123.79
1781.24	1075.75
1810.05	1029.74
1839.32	985.677
1869.07	943.497
1899.3	903.123
1930.02	864.475
1961.24	827.49
1992.96	792.076
2025.2	758.383
2057.95	725.896
2091.24	694.805
2125.06	665.044
2159.43	636.556
2194.36	609.292
2229.85	583.198
2265.92	558.233
2302.57	534.346
2339.81	511.481
2377.66	489.609
2416.11	468.678
2455.19	448.654
2494.9	429.49
2535.26	411.166
2576.26	393.628
2617.93	376.854
2660.27	360.799
2703.3	345.451
2747.03	330.768
2791.46	316.714
2836.61	303.281
2882.49	290.422
2929.11	278.127
2976.48	266.36
3024.63	255.11
3073.55	244.349
3123.26	234.06
3173.78	224.214
3225.11	214.793
3277.27	205.789
3330.28	197.172
3384.15	188.932
3438.88	181.047
3494.5	173.504
3551.02	166.297
3608.46	159.394
3666.82	152.796
3726.13	146.486
3786.4	140.442
3847.64	134.666
3909.87	129.144
3973.11	123.857
4037.37	118.791
4102.68	1034.92
4169.03	993.668
4236.46	953.947
4304.99	915.667
4374.62	878.807
4445.37	843.308
4517.27	809.135
4590.34	776.253
4664.58	744.609
4740.03	714.171
4816.69	684.895
4894.6	656.744
4973.77	629.677
5054.21	603.664
5135.96	578.663
5219.03	554.644
5303.44	531.56
5389.22	509.39
5476.39	488.102
5564.97	467.658
5654.98	448.031
5746.44	429.189
5839.38	411.111
5933.83	393.752
6029.81	377.097
6127.33	361.12
6226.44	345.792
6327.15	331.09
6429.48	316.997
6533.48	303.472
6639.15	290.506
6746.53	278.075
6855.65	266.157
6966.54	254.74
7079.22	243.789
7193.72	233.298
7310.07	223.241
7428.31	213.612
7548.45	204.381
7670.54	195.536
7794.61	187.069
7920.68	178.957
8048.79	171.183
8178.97	163.74
8311.26	156.617
8445.69	149.795
8582.29	143.257
8721.11	136.997
8862.16	131.006
9005.5	125.28
9151.16	119.788
9299.17	114.533
9449.58	109.509
9602.42	104.695
9757.73	100.085
9915.55	95.682
10075.9	91.4641
10238.9	87.4291
10404.5	83.5679
10572.8	79.8739
10743.8	76.3396
10917.6	72.9589
11094.2	69.7248
11273.6	66.6304
11455.9	63.6707
11641.2	60.8402
11829.5	58.133
12020.8	55.5435
12215.3	53.0679
12412.9	50.6992
12613.6	48.4349
12817.6	46.2694
13025	44.1992
13235.6	42.2189
13449.7	40.326
13667.2	38.5158
13888.3	36.7856
14112.9	35.1311
14341.2	33.5497
14573.1	32.0374
14808.9	30.5925
15048.4	29.2108
15291.8	27.8901
15539.1	26.6277
15790.4	25.421
16045.8	24.2678
16305.4	23.1658
16569.1	22.1123
16837.1	21.1055
17109.4	20.1434
17386.1	19.2238
17667.4	18.3454
17953.1	17.5056
18243.5	16.7033
18538.6	15.9367
18838.4	15.2041
19143.1	14.5042
19452.7	13.8354
19767.4	13.1966
20087.1	12.5896
20412	12.0065
20742.1	11.4499
21077.6	10.9185
21418.5	10.4113
21765	9.92715
22117	9.46502
22474.7	9.02401
22838.2	8.60306
23207.6	8.20144
23583	7.81818
23964.4	7.45245
24352	7.10347
24745.9	6.7706
25146.1	6.45298
25552.9	6.14999
25966.2	5.86093
26386.1	5.58517
26812.9	5.32219
27246.6	5.07137
27687.3	4.83215
28135.1	4.60398
28590.2	4.38643
29052.6	4.17895
29522.5	3.9811
30000	3.79245
