10	14974.3
10.1617	15413.1
10.3261	15864.5
10.4931	16329.5
10.6628	17328.7
10.8353	18546.2
11.0106	20145
11.1886	22190.9
11.3696	24442.7
11.5535	27903.7
11.7404	31683.1
11.9303	32758.4
12.1232	33870.2
12.3193	35019.2
12.5186	36207
12.721	37436
12.9268	38136.2
13.1359	38617.1
13.3483	39104.5
13.5642	39597.8
13.7836	39832.4
14.0066	39954
14.2331	40076.4
14.4633	40198.9
14.6973	40321.6
14.935	40448.6
15.1765	40743
15.422	41039.3
15.6714	41338.3
15.9249	41638.8
16.1825	41941.9
16.4442	42247.1
16.7102	42554.4
16.9805	42864.1
17.2551	43176.2
17.5342	43490.1
17.8178	43806.7
18.106	44125.6
18.3989	44446.4
18.6964	44770.2
18.9988	45381.4
19.3061	46203.3
19.6184	47040.1
19.9357	47892.3
20.2582	48759.7
20.5858	49643.1
20.9188	50542.3
21.2571	51706.6
21.6009	53105.8
21.9503	54542.8
22.3053	56018.7
22.6661	57534.2
23.0327	59091
23.4053	60689.6
23.7838	62332.2
24.1685	63556.6
24.5594	64770.7
24.9566	66008.2
25.3603	67268.9
25.7705	68553.8
26.1873	69863.4
26.6109	71197.8
27.0413	72208.8
27.4786	73188.4
27.9231	74180.8
28.3747	75187
28.8337	76206.5
29.3	77240.3
29.7739	78288
30.2555	79349.6
30.7449	80425.6
31.2421	81516.8
31.7475	82251.6
32.2609	82771.8
32.7827	83294.9
33.313	83821
33.8518	84350.8
34.3993	84883.9
34.9557	85420.2
35.5211	85960
36.0956	86503.4
36.6794	86781.8
37.2727	87027.6
37.8755	87274.2
38.4882	87521.1
39.1107	87769
39.7433	88017.9
40.3861	88266.9
41.0393	88517.1
41.7031	88758.8
42.3776	88998.3
43.063	89237.7
43.7595	89478.6
44.4673	89720.2
45.1865	89962.2
45.9174	90204.6
46.66	90448.1
47.4147	90596
48.1816	90370.6
48.9609	90145.5
49.7528	89920.5
50.5576	89696.7
51.3753	89473.4
52.2062	89251.1
53.0506	89028.6
53.9087	88807.1
54.7806	88556
55.6667	88231.7
56.567	87908.6
57.482	87586.4
58.4117	87265.7
59.3564	86946.4
60.3165	86628
61.2921	86310.5
62.2834	85994.5
63.2908	85679.7
64.3145	84911.9
65.3547	83896.6
66.4118	82893.2
67.4859	81901.7
68.5775	80922.2
69.6867	79954.4
70.8138	78909.6
71.9592	77817.5
73.123	76740.1
74.3057	75677.8
75.5076	74630.4
76.7289	73597.2
77.9699	72578.4
79.231	71368.4
80.5125	70171.5
81.8147	68994.7
83.138	67838
84.4827	66700.2
85.8492	65581.9
87.2377	64280.1
88.6487	62637.6
90.0825	61037.2
91.5395	59477.3
93.0201	57957.5
94.5247	55763.1
96.0535	53501.4
97.6071	51331.8
99.1858	49250.1
100.79	47030.7
102.42	43353.2
104.077	39963.9
105.76	36838.8
107.471	33958.9
109.209	31303.3
110.975	28855.4
112.77	26599.1
114.594	23950.1
116.448	21298
118.331	18938.6
120.245	16841
122.19	14975.8
124.166	13316.9
126.175	12019.6
128.215	11174.3
130.289	10388.8
132.397	9658.6
134.538	8979.44
136.714	8348.15
138.925	7384.4
141.172	6501.98
143.456	5818.4
145.776	5380.7
148.134	4994.99
150.53	4801.25
152.964	4615.03
155.439	4465.43
157.953	4388.75
160.507	4313.4
163.103	4297.4
165.742	4442.16
168.422	4601.02
171.146	4783.52
173.915	4973.17
176.727	5170.5
179.586	5288.87
182.491	5377.23
185.442	5467.13
188.442	5558.45
191.49	5651.4
194.587	5745.8
197.734	5841.83
200.932	5939.47
204.182	6038.73
207.485	6091.08
210.84	6142.15
214.251	6193.55
217.716	6245.46
221.237	6297.78
224.816	6350.5
228.452	6403.69
232.147	6457.33
235.902	6446.98
239.717	6420.48
243.595	6394.08
247.535	6367.79
251.538	6341.61
255.607	6315.53
259.741	6289.57
263.942	6263.72
268.211	6217.81
272.549	6121.6
276.957	6026.87
281.437	5933.61
285.989	5841.8
290.615	5751.41
295.315	5662.41
300.092	5574.8
304.945	5488.54
309.878	5403.38
314.89	5304.91
319.983	5208.25
325.158	5113.35
330.418	5020.17
335.762	4928.69
341.192	4838.87
346.711	4755.13
352.319	4675.73
358.017	4597.67
363.808	4520.92
369.692	4445.44
375.672	4380.27
381.748	4387.71
387.922	4395.17
394.197	4402.62
400.573	4410.1
407.052	4158.04
413.635	4837.13
420.326	5626.93
427.124	6545.85
434.032	7614.88
441.052	8858.39
448.186	10304.8
455.435	11975.1
462.802	13904.1
470.287	16144.1
477.894	18550.4
485.623	20052.8
493.478	20420.2
501.459	20160.1
509.57	19903.2
517.812	19649.6
526.187	19092.8
534.698	18525.2
543.346	17974.5
552.134	17440.1
561.065	17041.1
570.14	16829.9
579.361	16621.3
588.732	16415.2
598.254	16211.7
607.93	16010.7
617.763	15790.8
627.755	15555.5
637.909	15323.7
648.226	15095.4
658.711	14870.4
669.365	14648.8
680.191	14430.5
691.193	14188.8
702.372	13928.2
713.733	13672.5
725.277	13421.4
737.008	13175
748.928	12933.1
761.042	12641.4
773.351	12348.3
785.859	12062
798.57	11782.4
811.486	11509.2
824.611	11173.3
837.949	10799.3
851.502	10441.3
865.274	10099.9
879.269	9773.74
893.491	9458.1
907.942	9152.59
922.628	8856.91
937.551	8562.63
952.715	8276.09
968.124	7997.4
983.783	7728.11
999.695	7466.19
1015.86	7211.34
1032.29	6950.1
1048.99	6696.62
1065.96	6450.72
1083.2	6213.79
1100.72	5985.62
1118.52	5765.84
1136.61	5554.08
1155	5350.15
1173.68	5153.64
1192.66	4964.38
1211.95	4782.05
1231.55	4606.42
1251.47	4437.39
1271.72	4274.79
1292.28	4118.34
1313.19	3967.53
1334.43	3822.24
1356.01	3682.28
1377.94	3547.46
1400.23	3417.6
1422.88	3292.5
1445.89	3171.96
1469.28	3056.4
1493.04	2945.81
1517.19	2842.67
1541.73	2743.6
1566.67	2648
1592.01	2555.74
1617.76	2466.68
1643.92	2380.69
1670.51	2297.76
1697.53	2217.68
1724.99	2140.38
1752.89	2062.88
1781.24	1987.23
1810.05	1913.64
1839.32	1842.72
1869.07	1774.45
1899.3	1708.76
1930.02	1645.5
1961.24	1584.58
1992.96	1525.88
2025.2	1470.62
2057.95	1414.33
2091.24	1359.81
2125.06	1307.06
2159.43	1255.95
2194.36	1206.52
2229.85	1158.64
2265.92	1112.34
2302.57	1067.47
2339.81	1024.08
2377.66	982.149
2416.11	941.566
2455.19	902.338
2494.9	864.416
2535.26	827.73
2576.26	792.275
2617.93	758.026
2660.27	724.939
2703.3	692.944
2747.03	662.044
2791.46	632.212
2836.61	603.415
2882.49	575.591
2929.11	548.727
2976.48	522.811
3024.63	497.813
3073.55	473.683
3123.26	450.382
3173.78	427.93
3225.11	406.291
3277.27	385.422
3330.28	365.275
3384.15	345.874
3438.88	327.194
3494.5	309.197
3551.02	1157.09
3608.46	1111.78
3666.82	1068.28
3726.13	1026.48
3786.4	1351.21
3847.64	1295.89
3909.87	1242.78
3973.11	1191.87
4037.37	1331.47
4102.68	1279.69
4169.03	1229.76
4236.46	1181.59
4304.99	1135.25
4374.62	1090.48
4445.37	1047.33
4517.27	1005.79
4590.34	965.739
4664.58	927.169
4740.03	890.033
4816.69	854.276
4894.6	819.863
4973.77	786.735
5054.21	754.874
5135.96	724.234
5219.03	694.755
5303.44	666.424
5389.22	639.174
5476.39	612.989
5564.97	587.829
5654.98	563.638
5746.44	540.405
5839.38	518.085
5933.83	496.651
6029.81	476.077
6127.33	456.303
6226.44	437.327
6327.15	419.104
6429.48	401.632
6533.48	384.842
6639.15	368.742
6746.53	353.294
6855.65	338.473
6966.54	324.248
7079.22	310.609
7193.72	297.534
7310.07	284.994
7428.31	272.955
7548.45	261.421
7670.54	250.36
7794.61	239.768
7920.68	229.6
8048.79	219.854
8178.97	210.52
8311.26	201.565
8445.69	192.999
8582.29	184.781
8721.11	176.907
8862.16	169.357
9005.5	162.134
9151.16	155.213
9299.17	148.574
9449.58	142.214
9602.42	136.137
9757.73	130.309
9915.55	124.712
10075.9	119.364
10238.9	114.244
10404.5	109.341
10572.8	104.645
10743.8	100.148
10917.6	95.8436
11094.2	91.7216
11273.6	87.7742
11455.9	83.9952
11641.2	80.3777
11829.5	76.9148
12020.8	73.5992
12215.3	70.4263
12412.9	67.3876
12613.6	64.4798
12817.6	61.6962
13025	59.0326
13235.6	56.4821
13449.7	54.0414
13667.2	51.705
13888.3	49.4695
14112.9	47.3298
14341.2	45.282
14573.1	43.3219
14808.9	41.4468
15048.4	39.6517
15291.8	37.934
15539.1	36.2901
15790.4	34.717
16045.8	33.212
16305.4	31.7717
16569.1	30.3934
16837.1	29.0744
17109.4	27.8124
17386.1	26.6047
17667.4	25.4494
17953.1	24.3437
18243.5	23.2857
18538.6	22.2735
18838.4	21.3048
19143.1	20.3782
19452.7	19.4913
19767.4	18.6429
20087.1	17.8311
20412	17.0543
20742.1	16.311
21077.6	15.5999
21418.5	14.9195
21765	14.2686
22117	13.6457
22474.7	13.0498
22838.2	12.4796
23207.6	11.934
23583	11.4121
23964.4	10.9126
24352	10.4348
24745.9	9.97762
25146.1	9.54023
25552.9	9.1217
25966.2	8.72127
26386.1	8.33809
26812.9	50.7063
27246.6	48.6546
27687.3	46.68
28135.1	44.7796
28590.2	42.9514
29052.6	41.1928
29522.5	39.5016
30000	37.8757
