10	38550.5
10.1617	37351.6
10.3261	36190.7
10.4931	35065.4
10.6628	33974.9
10.8353	32918.7
11.0106	31895.5
11.1886	30903.7
11.3696	29942.7
11.5535	29011.8
11.7404	28109.9
11.9303	27236.1
12.1232	26389
12.3193	25568.7
12.5186	24773.7
12.721	24003.4
12.9268	23388.6
13.1359	22870.5
13.3483	22363.8
13.5642	21868.4
13.7836	21383.8
14.0066	20497.5
14.2331	19544.2
14.4633	18635.4
14.6973	17768.9
14.935	17034.9
15.1765	16345.4
15.422	15684
15.6714	15049.2
15.9249	14483.6
16.1825	13949.1
16.4442	13570.9
16.7102	13270.7
16.9805	12977.2
17.2551	12713.5
17.5342	12547.1
17.8178	12383
18.106	12246.3
18.3989	12289.6
18.6964	12333.1
18.9988	12376.8
19.3061	12480.5
19.6184	12719.6
19.9357	12963.5
20.2582	13286.1
20.5858	13823
20.9188	14708.1
21.2571	16445.3
21.6009	19352.6
21.9503	23845
22.3053	30815.5
22.6661	57103.5
23.0327	118800
23.4053	186449
23.7838	202605
24.1685	205107
24.5594	207638
24.9566	207143
25.3603	205616
25.7705	202032
26.1873	197345
26.6109	192766
27.0413	186390
27.4786	178785
27.9231	171524
28.3747	165639
28.8337	159957
29.3	152318
29.7739	144819
30.2555	137149
30.7449	129842
31.2421	123351
31.7475	117838
32.2609	112570
32.7827	107073
33.313	100549
33.8518	94422
34.3993	88668.2
34.9557	83264.9
35.5211	78522.8
36.0956	74158.9
36.6794	70037.6
37.2727	66145.6
37.8755	62484.4
38.4882	59026.2
39.1107	55759.1
39.7433	52672.6
40.3861	49500.5
41.0393	46412.3
41.7031	43517
42.3776	40680.7
43.063	37939.5
43.7595	35383.1
44.4673	33268
45.1865	31679.2
45.9174	30166.4
46.66	28725.7
47.4147	27400.9
48.1816	26158.3
48.9609	24972.1
49.7528	23808
50.5576	22547.7
51.3753	21354
52.2062	20223.4
53.0506	19228.1
53.9087	18500.8
54.7806	17801.1
55.6667	17127.8
56.567	16480
57.482	15906.9
58.4117	15389.2
59.3564	14879
60.3165	14380.6
61.2921	13898.8
62.2834	13433.1
63.2908	12983.1
64.3145	12548.1
65.3547	12127.7
66.4118	11752.6
67.4859	11469
68.5775	11192.2
69.6867	10922.1
70.8138	10658.5
71.9592	10401.3
73.123	10150.2
74.3057	9898.02
75.5076	9637.79
76.7289	9384.39
77.9699	9137.65
79.231	8897.41
80.5125	8793.69
81.8147	8716.53
83.138	8640.06
84.4827	8564.25
85.8492	8489.12
87.2377	8414.65
88.6487	8421.74
90.0825	8491.12
91.5395	8561.05
93.0201	8631.56
94.5247	8702.66
96.0535	8774.33
97.6071	8846.59
99.1858	9263.75
100.79	9840.62
102.42	11046
104.077	14156.9
105.76	22707
107.471	17443.6
109.209	24752.3
110.975	31235.4
112.77	30729.3
114.594	36144.5
116.448	61330.8
118.331	110149
120.245	171800
122.19	228853
124.166	237248
126.175	226192
128.215	203977
130.289	173551
132.397	148966
134.538	130051
136.714	114323
138.925	98979.6
141.172	82699.6
143.456	68245.9
145.776	55640.9
148.134	47279.1
150.53	40675
152.964	34640.1
155.439	29503.6
157.953	25770.5
160.507	22789.3
163.103	20153.5
165.742	17495.4
168.422	15143.6
171.146	13230.2
173.915	11889.3
176.727	10683.8
179.586	9516.58
182.491	8476.5
185.442	7582.41
188.442	6784.6
191.49	6332.09
194.587	5967.84
197.734	5624.48
200.932	5402.59
204.182	5200.76
207.485	5134.03
210.84	5069.27
214.251	5118.36
217.716	5207.98
221.237	5299.16
224.816	5391.88
228.452	5486.28
232.147	5637.43
235.902	5801.44
239.717	5970.29
243.595	6154.12
247.535	6376.54
251.538	6607.09
255.607	6845.84
259.741	7078.62
263.942	7316.43
268.211	7550.53
272.549	7701.25
276.957	7854.98
281.437	7860.6
285.989	7861.28
290.615	7861.96
295.315	7822.06
300.092	7770.86
304.945	7782.87
309.878	7794.85
314.89	7806.89
319.983	7818.93
325.158	7831
330.418	7843.06
335.762	7841.96
341.192	7790.93
346.711	7740.22
352.319	7689.84
358.017	7639.8
363.808	7590.07
369.692	7495.46
375.672	7390.03
381.748	7286.08
387.922	7183.6
394.197	7082.55
400.573	6982.93
407.052	6884.7
413.635	6787.87
420.326	6693.07
427.124	6600
434.032	6508.2
441.052	6417.69
448.186	6328.44
455.435	6240.43
462.802	6146.47
470.287	6025.25
477.894	5906.42
485.623	5789.94
493.478	5675.75
501.459	5563.81
509.57	5454.08
517.812	5346.51
526.187	5241.07
534.698	5137.71
543.346	5036.04
552.134	4923.57
561.065	4813.6
570.14	4706.09
579.361	4600.98
588.732	4498.23
598.254	4397.76
607.93	4299.53
617.763	4203.51
627.755	4109.62
637.909	4017.84
648.226	3928.1
658.711	3840.37
669.365	3749.2
680.191	3618.02
691.193	3491.42
702.372	3369.25
713.733	3251.37
725.277	3137.61
737.008	3024.95
748.928	2915.27
761.042	2809.58
773.351	2707.71
785.859	2609.54
798.57	2514.92
811.486	2423.74
824.611	2335.86
837.949	2251.17
851.502	2169.55
865.274	2090.89
879.269	2015.08
893.491	15488
907.942	14968.6
922.628	14466.6
937.551	13981.4
952.715	13512.5
968.124	13059.3
983.783	12621.3
999.695	12198
1015.86	11788.8
1032.29	11388.3
1048.99	10985.4
1065.96	10631.8
1083.2	10289.6
1100.72	9958.47
1118.52	9637.9
1136.61	9327.7
1155	9027.52
1173.68	8736.95
1192.66	8455.72
1211.95	8183.55
1231.55	7920.14
1251.47	7665.25
1271.72	7418.59
1292.28	7179.81
1313.19	6948.7
1334.43	6428.59
1356.01	6253.98
1377.94	6084.12
1400.23	5918.89
1422.88	5758.19
1445.89	5601.82
1469.28	5445.06
1493.04	5285.69
1517.19	5102.77
1541.73	4922.36
1566.67	4748.38
1592.01	4580.44
1617.76	4418.47
1643.92	4262.28
1670.51	4111.55
1697.53	3966.17
1724.99	3825.92
1752.89	3687.71
1781.24	3553.49
1810.05	3423.45
1839.32	3298.13
1869.07	3177.45
1899.3	3061.19
1930.02	2949.15
1961.24	2841.22
1992.96	2737.21
2025.2	2638.28
2057.95	2540.44
2091.24	2446.02
2125.06	2354.88
2159.43	2266.87
2194.36	2182.01
2229.85	2100.11
2265.92	2021.13
2302.57	1945.01
2339.81	1871.48
2377.66	1800.72
2416.11	1732.47
2455.19	1666.67
2494.9	1603.22
2535.26	1542.16
2576.26	1483.27
2617.93	1426.53
2660.27	1371.84
2703.3	1319.15
2747.03	1268.47
2791.46	1219.6
2836.61	1172.52
2882.49	1127.24
2929.11	1083.59
2976.48	1041.56
3024.63	1001.12
3073.55	962.162
3123.26	924.668
3173.78	888.578
3225.11	853.843
3277.27	820.415
3330.28	788.231
3384.15	757.26
3438.88	727.456
3494.5	698.78
3551.02	671.186
3608.46	644.633
3666.82	619.089
3726.13	594.511
3786.4	570.871
3847.64	548.126
3909.87	526.24
3973.11	505.196
4037.37	484.956
4102.68	465.481
4169.03	446.75
4236.46	428.745
4304.99	411.423
4374.62	394.759
4445.37	378.74
4517.27	363.335
4590.34	348.523
4664.58	334.281
4740.03	320.59
4816.69	307.421
4894.6	294.767
4973.77	282.599
5054.21	270.895
5135.96	259.652
5219.03	248.841
5303.44	238.444
5389.22	228.458
5476.39	218.856
5564.97	209.631
5654.98	200.764
5746.44	578.593
5839.38	552.712
5933.83	527.996
6029.81	504.388
6127.33	481.829
6226.44	635.058
6327.15	608.201
6429.48	582.461
6533.48	557.829
6639.15	605.098
6746.53	582.238
6855.65	560.122
6966.54	538.714
7079.22	518.02
7193.72	498.019
7310.07	478.7
7428.31	460.04
7548.45	442.027
7670.54	424.64
7794.61	407.868
7920.68	391.693
8048.79	376.1
8178.97	361.072
8311.26	346.589
8445.69	332.64
8582.29	319.21
8721.11	306.277
8862.16	293.829
9005.5	281.856
9151.16	270.33
9299.17	259.251
9449.58	248.592
9602.42	238.35
9757.73	228.497
9915.55	219.032
10075.9	209.937
10238.9	201.201
10404.5	192.81
10572.8	184.751
10743.8	177.013
10917.6	169.586
11094.2	162.456
11273.6	155.611
11455.9	149.044
11641.2	142.744
11829.5	136.7
12020.8	130.902
12215.3	125.343
12412.9	120.01
12613.6	114.898
12817.6	109.996
13025	105.298
13235.6	100.794
13449.7	96.4779
13667.2	92.3409
13888.3	88.378
14112.9	84.5801
14341.2	80.9422
14573.1	77.4567
14808.9	74.1192
15048.4	70.9217
15291.8	67.8599
15539.1	64.9275
15790.4	62.1196
16045.8	59.4315
16305.4	56.8582
16569.1	54.3943
16837.1	52.0358
17109.4	49.7782
17386.1	47.6172
17667.4	45.5497
17953.1	43.5703
18243.5	41.6766
18538.6	39.8645
18838.4	38.1303
19143.1	36.4712
19452.7	34.8839
19767.4	33.3656
20087.1	31.9127
20412	30.5231
20742.1	29.1938
21077.6	27.9223
21418.5	26.7061
21765	25.543
22117	24.4304
22474.7	23.3665
22838.2	22.349
23207.6	21.3759
23583	20.4455
23964.4	19.5558
24352	18.705
24745.9	17.8915
25146.1	17.1137
25552.9	16.37
25966.2	15.6588
26386.1	14.9788
26812.9	14.3288
27246.6	13.7074
27687.3	13.1133
28135.1	12.5453
28590.2	12.0023
29052.6	11.4831
29522.5	10.9868
30000	10.5123
