10	174398
10.1617	197655
10.3261	223995
10.4931	253859
10.6628	279730
10.8353	299207
11.0106	318580
11.1886	338840
11.3696	364200
11.5535	398196
11.7404	418945
11.9303	439128
12.1232	460292
12.3193	473606
12.5186	486452
12.721	499659
12.9268	511599
13.1359	522563
13.3483	533769
13.5642	544730
13.7836	553300
14.0066	562000
14.2331	570847
14.4633	579784
14.6973	585689
14.935	591659
15.1765	597694
15.422	602406
15.6714	603034
15.9249	603660
16.1825	604287
16.4442	604608
16.7102	604770
16.9805	604932
17.2551	605096
17.5342	605259
17.8178	605422
18.106	605585
18.3989	605747
18.6964	605912
18.9988	606076
19.3061	606238
19.6184	600398
19.9357	588850
20.2582	577524
20.5858	566416
20.9188	555522
21.2571	544837
21.6009	534357
21.9503	524080
22.3053	513999
22.6661	504113
23.0327	493464
23.4053	473552
23.7838	454441
24.1685	436102
24.5594	418504
24.9566	401614
25.3603	380573
25.7705	357834
26.1873	336451
26.6109	316348
27.0413	297445
27.4786	279669
27.9231	262959
28.3747	247245
28.8337	229755
29.3	210851
29.7739	193504
30.2555	177585
30.7449	162977
31.2421	149567
31.7475	136833
32.2609	118467
32.7827	102568
33.313	88804.1
33.8518	76885.7
34.3993	66566.5
34.9557	57742.3
35.5211	50160.4
36.0956	43573.6
36.6794	37852.1
37.2727	32882
37.8755	27656.3
38.4882	22807.8
39.1107	18808.9
39.7433	15834.4
40.3861	13524.9
41.0393	11762.2
41.7031	11473.2
42.3776	11191.4
43.063	10873.5
43.7595	10544.4
44.4673	10775.6
45.1865	11029.2
45.9174	11288.7
46.66	11618.7
47.4147	12069.1
48.1816	12537
48.9609	13023.1
49.7528	13528
50.5576	14052.4
51.3753	14574.7
52.2062	14987.4
53.0506	15411.7
53.9087	15848
54.7806	16296.7
55.6667	16758.1
56.567	17232.6
57.482	17720.4
58.4117	18222.1
59.3564	18738.1
60.3165	19168.8
61.2921	19509.7
62.2834	19856.9
63.2908	20210.1
64.3145	20569.7
65.3547	20935.7
66.4118	21308
67.4859	21687.2
68.5775	22073
69.6867	22036.9
70.8138	22000.1
71.9592	21963.2
73.123	21926.5
74.3057	21889.6
75.5076	21853.1
76.7289	21816.4
77.9699	21684.8
79.231	21434.6
80.5125	21187.5
81.8147	20943.1
83.138	20701.5
84.4827	20462.8
85.8492	20226.8
87.2377	19993.6
88.6487	19722.8
90.0825	19437.1
91.5395	19155.5
93.0201	18877.9
94.5247	18604.4
96.0535	18334.9
97.6071	18069.2
99.1858	17807.4
100.79	17549.4
102.42	17295.1
104.077	17044.5
105.76	16725.7
107.471	16381
109.209	16043.3
110.975	15712.5
112.77	15388.6
114.594	15071.4
116.448	14760.7
118.331	14456.4
120.245	14158.4
122.19	13866.6
124.166	13580.7
126.175	13300.8
128.215	13026.6
130.289	12758
132.397	12487.3
134.538	12206.9
136.714	11932.6
138.925	11664.6
141.172	11402.5
143.456	11146.4
145.776	10895.9
148.134	10651.2
150.53	10412
152.964	10178
155.439	9949.39
157.953	9687.34
160.507	9429.52
163.103	9178.57
165.742	8934.33
168.422	8696.54
171.146	8465.12
173.915	8239.99
176.727	8020.69
179.586	7807.33
182.491	7599.62
185.442	7397.42
188.442	7200.65
191.49	7009.04
194.587	6822.6
197.734	6641.06
200.932	62145.6
204.182	62356.2
207.485	62567.7
210.84	62780.2
214.251	62992.7
217.716	62665.1
221.237	61790.5
224.816	60928.4
228.452	60078.1
232.147	59238.9
235.902	58412.3
239.717	57596.9
243.595	56793.7
247.535	56000.9
251.538	55219.1
255.607	54448.3
259.741	53688.6
263.942	52939.3
268.211	52200.2
272.549	51471.7
276.957	50535.8
281.437	49347.7
285.989	48021.5
290.615	46707.9
295.315	45430.3
300.092	44188.3
304.945	42979.7
309.878	41804.3
314.89	40660.9
319.983	39549
325.158	38467.2
330.418	37415.7
335.762	36392.4
341.192	35397
346.711	34429
352.319	33487.3
358.017	32571.8
363.808	31681.1
369.692	30814.4
375.672	29971.3
381.748	29151.6
387.922	28281.3
394.197	27279.4
400.573	26336.3
407.052	25434.7
413.635	24564
420.326	23702.3
427.124	22862.3
434.032	22035.5
441.052	21238.4
448.186	20469.1
455.435	19723.4
462.802	19003.6
470.287	18309.2
477.894	17640.1
485.623	16986.3
493.478	16353.5
501.459	15744.1
509.57	15154.9
517.812	14586
526.187	14036.1
534.698	13505.9
543.346	12994.7
552.134	12499.6
561.065	12023.6
570.14	11565.5
579.361	11122.3
588.732	10696.1
598.254	10286
607.93	9890.16
617.763	9509.32
627.755	9142.84
637.909	8788.87
648.226	8448.29
658.711	8120.6
669.365	7803.87
680.191	7499.31
691.193	7206.3
702.372	6923.07
713.733	6650.87
725.277	6389.28
737.008	6137.88
748.928	5895.68
761.042	5662.49
773.351	5437.76
785.859	5221.82
798.57	5014.31
811.486	4814.47
824.611	4622.12
837.949	4436.98
851.502	4260.05
865.274	4089.72
879.269	3925.8
893.491	3767.37
907.942	3615.65
922.628	3470.37
937.551	3329.14
952.715	3193.54
968.124	3063.38
983.783	2939.66
999.695	2820.22
1015.86	2704.91
1032.29	2594.47
1048.99	2488.51
1065.96	2386.85
1083.2	2289.36
1100.72	2195.63
1118.52	2105.43
1136.61	2018.74
1155	1935.64
1173.68	1855.97
1192.66	1779.5
1211.95	1705.96
1231.55	1635.14
1251.47	1567.28
1271.72	1502.27
1292.28	1439.94
1313.19	1379.98
1334.43	1322.5
1356.01	1267.41
1377.94	1214.64
1400.23	1164
1422.88	1115.38
1445.89	1068.82
1469.28	1024.2
1493.04	981.417
1517.19	941.077
1541.73	902.51
1566.67	865.581
1592.01	830.161
1617.76	796.185
1643.92	763.603
1670.51	732.351
1697.53	702.383
1724.99	673.644
1752.89	645.815
1781.24	619.049
1810.05	593.331
1839.32	568.681
1869.07	545.058
1899.3	522.417
1930.02	500.715
1961.24	479.916
1992.96	459.976
2025.2	435.292
2057.95	416.874
2091.24	399.347
2125.06	382.523
2159.43	366.371
2194.36	350.868
2229.85	335.975
2265.92	321.685
2302.57	307.964
2339.81	294.789
2377.66	282.138
2416.11	269.993
2455.19	258.343
2494.9	247.157
2535.26	236.418
2576.26	226.109
2617.93	216.211
2660.27	206.719
2703.3	197.599
2747.03	188.851
2791.46	180.452
2836.61	1709.42
2882.49	1643.57
2929.11	1579.89
2976.48	1518.43
3024.63	1459.13
3073.55	1401.79
3123.26	1346.49
3173.78	1293.13
3225.11	1241.69
3277.27	1192.08
3330.28	1144.24
3384.15	1098.18
3438.88	1053.83
3494.5	1011.12
3551.02	970.002
3608.46	930.412
3666.82	892.316
3726.13	855.677
3786.4	820.432
3847.64	786.539
3909.87	753.957
3973.11	722.643
4037.37	692.544
4102.68	663.631
4169.03	635.848
4236.46	609.175
4304.99	583.554
4374.62	558.955
4445.37	535.341
4517.27	512.676
4590.34	490.931
4664.58	470.057
4740.03	450.033
4816.69	430.822
4894.6	412.409
4973.77	394.737
5054.21	377.796
5135.96	361.555
5219.03	345.992
5303.44	331.061
5389.22	316.762
5476.39	303.053
5564.97	289.921
5654.98	277.337
5746.44	265.286
5839.38	253.733
5933.83	242.675
6029.81	232.079
6127.33	221.94
6226.44	212.222
6327.15	202.924
6429.48	194.021
6533.48	185.502
6639.15	177.338
6746.53	169.531
6855.65	162.057
6966.54	154.906
7079.22	148.062
7193.72	141.509
7310.07	135.242
7428.31	129.25
7548.45	123.515
7670.54	118.03
7794.61	112.782
7920.68	107.759
8048.79	102.958
8178.97	98.3672
8311.26	93.979
8445.69	89.7805
8582.29	85.7664
8721.11	81.9277
8862.16	78.2579
9005.5	74.7496
9151.16	71.3944
9299.17	68.1883
9449.58	65.1237
9602.42	62.1935
9757.73	59.3934
9915.55	56.717
10075.9	54.1587
10238.9	51.7146
10404.5	49.3784
10572.8	47.146
10743.8	45.0128
10917.6	42.9747
11094.2	41.0272
11273.6	39.1662
11455.9	37.3881
11641.2	35.6897
11829.5	34.0671
12020.8	32.5168
12215.3	31.0363
12412.9	29.6215
12613.6	28.2705
12817.6	26.9799
13025	25.7475
13235.6	24.5699
13449.7	23.4455
13667.2	22.3715
13888.3	21.346
14112.9	20.3665
14341.2	19.4313
14573.1	18.5379
14808.9	17.6853
15048.4	16.8709
15291.8	16.0933
15539.1	15.3507
15790.4	14.6417
16045.8	13.9649
16305.4	13.3188
16569.1	12.7018
16837.1	12.1129
17109.4	11.5506
17386.1	11.0138
17667.4	10.5015
17953.1	10.0124
18243.5	9.54548
18538.6	9.0999
18838.4	8.67447
19143.1	8.26849
19452.7	7.88098
19767.4	7.51122
20087.1	7.15872
20412	6.82197
20742.1	6.50078
21077.6	6.19448
21418.5	5.90238
21765	5.62382
22117	5.35815
22474.7	5.10483
22838.2	4.86328
23207.6	4.63298
23583	4.41341
23964.4	4.20405
24352	4.00446
24745.9	3.81421
25146.1	3.63285
25552.9	3.45995
25966.2	3.29515
26386.1	3.13805
26812.9	2.98834
27246.6	2.84565
27687.3	2.70967
28135.1	2.58007
28590.2	2.45657
29052.6	2.33889
29522.5	2.22675
30000	2.1199
