10	4611.93
10.1617	4611.3
10.3261	4610.63
10.4931	4610.02
10.6628	4609.36
10.8353	4608.72
11.0106	4608.05
11.1886	4663.01
11.3696	4734.8
11.5535	4807.69
11.7404	4881.72
11.9303	4956.86
12.1232	5033.26
12.3193	5114.03
12.5186	5196.59
12.721	5280.59
12.9268	5365.84
13.1359	5452.49
13.3483	5540.61
13.5642	5629.76
13.7836	5702.66
14.0066	5776.46
14.2331	5851.31
14.4633	5927.1
14.6973	6003.81
14.935	6084.62
15.1765	6169.89
15.422	6256.27
15.6714	6343.93
15.9249	6432.75
16.1825	6522.83
16.4442	6614.21
16.7102	6706.99
16.9805	6803.1
17.2551	6900.63
17.5342	6999.52
17.8178	7099.83
18.106	7201.58
18.3989	7304.76
18.6964	7409.5
18.9988	7492.38
19.3061	7571.09
19.6184	7650.58
19.9357	7730.96
20.2582	7812.14
20.5858	7907.76
20.9188	8037.92
21.2571	8170.31
21.6009	8304.83
21.9503	8441.55
22.3053	8580.6
22.6661	8972.06
23.0327	9463.84
23.4053	9982.45
23.7838	10758.5
24.1685	11691.1
24.5594	12858.4
24.9566	14732.4
25.3603	18269.1
25.7705	26943
26.1873	49315.7
26.6109	65661.4
27.0413	73304.9
27.4786	80866.4
27.9231	88613.4
28.3747	96980.1
28.8337	101750
29.3	105273
29.7739	110285
30.2555	112945
30.7449	112938
31.2421	111344
31.7475	109723
32.2609	108126
32.7827	106552
33.313	104892
33.8518	99039.1
34.3993	94135.1
34.9557	90711.7
35.5211	87438.5
36.0956	84951.8
36.6794	82536.5
37.2727	80447.3
37.8755	78489.3
38.4882	76514
39.1107	74074.6
39.7433	71713.6
40.3861	69428
41.0393	67687.9
41.7031	66051.3
42.3776	64253.2
43.063	61804.4
43.7595	59449.6
44.4673	57397.3
45.1865	56283.9
45.9174	55191.9
46.66	54121.4
47.4147	53037.9
48.1816	51835.3
48.9609	50660.1
49.7528	49511.4
50.5576	48388.9
51.3753	47291.8
52.2062	46219.4
53.0506	45171.5
53.9087	44199.6
54.7806	43445.1
55.6667	42703.5
56.567	41974.6
57.482	41258.1
58.4117	40553.9
59.3564	39842.7
60.3165	39141.5
61.2921	38452.6
62.2834	37775.9
63.2908	37111.1
64.3145	36457.9
65.3547	35852.3
66.4118	35366.8
67.4859	34887.9
68.5775	34415.5
69.6867	33949.5
70.8138	33489.8
71.9592	33036.3
73.123	32739
74.3057	32451.1
75.5076	32165.8
76.7289	31883.1
77.9699	31602.8
79.231	31324.9
80.5125	31049.6
81.8147	30776.7
83.138	30505.9
84.4827	30181.5
85.8492	29702.3
87.2377	29230.9
88.6487	28767.1
90.0825	28310.6
91.5395	27861.4
93.0201	27419
94.5247	26983.9
96.0535	26655
97.6071	26440.8
99.1858	26228.4
100.79	26017.6
102.42	25808.6
104.077	25601
105.76	25395.3
107.471	25191.2
109.209	25015.1
110.975	24903.3
112.77	24792
114.594	24681.5
116.448	24567.4
118.331	24374.2
120.245	24182.2
122.19	23991.7
124.166	23802.9
126.175	23615.4
128.215	23429.5
130.289	23244.8
132.397	23061.8
134.538	22880.2
136.714	22287.5
138.925	21650.2
141.172	21031.2
143.456	20385.8
145.776	19349.4
148.134	18365.9
150.53	17432.2
152.964	15360.4
155.439	12905.7
157.953	11886.4
160.507	28985.7
163.103	63998.5
165.742	40872.1
168.422	35417.5
171.146	31779.3
173.915	30671.9
176.727	29670.6
179.586	28702.3
182.491	28030.8
185.442	27434
188.442	26850
191.49	26278.5
194.587	25719.1
197.734	25171.6
200.932	24635.8
204.182	24214.1
207.485	23801.7
210.84	23396.4
214.251	22998.1
217.716	22606.5
221.237	22221.5
224.816	21843.1
228.452	21471.2
232.147	21105.6
235.902	20746.2
239.717	20392.9
243.595	20043.3
247.535	19682.5
251.538	19328.2
255.607	18980.2
259.741	18638.6
263.942	18303.1
268.211	17973.6
272.549	17650
276.957	17332.3
281.437	17076.4
285.989	16887.2
290.615	16700.1
295.315	16515
300.092	16332
304.945	16151.1
309.878	15972.1
314.89	15795.1
319.983	15620.1
325.158	15429.7
330.418	15139.5
335.762	14854.7
341.192	14575.4
346.711	14301.2
352.319	14032.3
358.017	13768.4
363.808	13509.4
369.692	13255.3
375.672	13006
381.748	12777.4
387.922	12560.7
394.197	12347.6
400.573	12138.2
407.052	11932.2
413.635	11729.8
420.326	11530.9
427.124	11335.3
434.032	11143
441.052	10954
448.186	10768.2
455.435	10585.6
462.802	10406
470.287	10229.5
477.894	10041.1
485.623	9825.11
493.478	9613.72
501.459	9406.87
509.57	9204.52
517.812	9006.46
526.187	8812.67
534.698	8623.1
543.346	8437.6
552.134	8256.05
561.065	8078.41
570.14	7880.51
579.361	7685.56
588.732	7494.65
598.254	7308.03
607.93	7126.04
617.763	6948.6
627.755	6775.08
637.909	6599.92
648.226	6420.67
658.711	6240.76
669.365	6065.88
680.191	5906.12
691.193	5758.22
702.372	5615.45
713.733	5467.11
725.277	5316.58
737.008	5170.28
748.928	5027.99
761.042	4889.52
773.351	4754.24
785.859	4620.47
798.57	4488.64
811.486	4360.59
824.611	4236.18
837.949	4115.28
851.502	3997.28
865.274	3881.96
879.269	3769.42
893.491	3660.18
907.942	3554.07
922.628	3451.01
937.551	3348.45
952.715	3248.26
968.124	3150.48
983.783	3055.74
999.695	2963.47
1015.86	2873.6
1032.29	2783.36
1048.99	2695.41
1065.96	2609.69
1083.2	2526.69
1100.72	2446.34
1118.52	2368.51
1136.61	2293.18
1155	2220.27
1173.68	2149.65
1192.66	2081.26
1211.95	2015.06
1231.55	1950.97
1251.47	1888.99
1271.72	1829.09
1292.28	1771.19
1313.19	1715.07
1334.43	1660.76
1356.01	1608.2
1377.94	1557.26
1400.23	1507.94
1422.88	7078.66
1445.89	6807.01
1469.28	6545.87
1493.04	6294.8
1517.19	6053.95
1541.73	5822.39
1566.67	5599.7
1592.01	5385.54
1617.76	5179.54
1643.92	4981.35
1670.51	4790.79
1697.53	4607.57
1724.99	4431.4
1752.89	4261.93
1781.24	4098.92
1810.05	3942.16
1839.32	4426.63
1869.07	4254.41
1899.3	4088.9
1930.02	3929.83
1961.24	3776.97
1992.96	3630.04
2025.2	3735.54
2057.95	3592.89
2091.24	3455.71
2125.06	3323.73
2159.43	3196.86
2194.36	3074.77
2229.85	3092.75
2265.92	2979.51
2302.57	2870.11
2339.81	2764.36
2377.66	2662.29
2416.11	2563.65
2455.19	2468.49
2494.9	2376.55
2535.26	2287.83
2576.26	2202.25
2617.93	2119.66
2660.27	2039.96
2703.3	1963.15
2747.03	1889.05
2791.46	1817.65
2836.61	1748.82
2882.49	1682.4
2929.11	1618.43
2976.48	1556.85
3024.63	1497.42
3073.55	1440.2
3123.26	1385.15
3173.78	1332.04
3225.11	1280.94
3277.27	1231.69
3330.28	1184.33
3384.15	1138.69
3438.88	1094.75
3494.5	1052.51
3551.02	1011.8
3608.46	972.598
3666.82	934.894
3726.13	898.619
3786.4	863.713
3847.64	830.128
3909.87	797.824
3973.11	766.738
4037.37	736.833
4102.68	708.065
4169.03	680.391
4236.46	653.784
4304.99	628.19
4374.62	603.569
4445.37	579.898
4517.27	557.129
4590.34	535.242
4664.58	514.19
4740.03	493.948
4816.69	474.488
4894.6	455.774
4973.77	437.789
5054.21	420.493
5135.96	403.869
5219.03	387.879
5303.44	372.516
5389.22	357.744
5476.39	343.548
5564.97	329.903
5654.98	316.786
5746.44	304.173
5839.38	292.054
5933.83	280.405
6029.81	269.207
6127.33	258.45
6226.44	248.105
6327.15	238.17
6429.48	228.615
6533.48	219.439
6639.15	210.615
6746.53	202.139
6855.65	193.989
6966.54	186.164
7079.22	178.636
7193.72	171.406
7310.07	164.455
7428.31	157.785
7548.45	151.369
7670.54	145.209
7794.61	139.285
7920.68	133.592
8048.79	128.125
8178.97	122.871
8311.26	117.823
8445.69	313.956
8582.29	299.836
8721.11	286.353
8862.16	273.476
9005.5	261.169
9151.16	249.423
9299.17	332.7
9449.58	317.629
9602.42	303.252
9757.73	332.407
9915.55	313.459
10075.9	301.62
10238.9	290.169
10404.5	279.092
10572.8	268.383
10743.8	258.035
10917.6	248.039
11094.2	238.384
11273.6	229.063
11455.9	220.071
11641.2	211.396
11829.5	203.03
12020.8	194.965
12215.3	187.194
12412.9	179.703
12613.6	172.49
12817.6	165.543
13025	158.857
13235.6	152.418
13449.7	146.224
13667.2	140.264
13888.3	134.532
14112.9	129.019
14341.2	123.719
14573.1	118.624
14808.9	113.728
15048.4	109.022
15291.8	104.502
15539.1	100.159
15790.4	95.9877
16045.8	91.9828
16305.4	88.1381
16569.1	84.4464
16837.1	80.9031
17109.4	77.5025
17386.1	74.2393
17667.4	71.1091
17953.1	68.1053
18243.5	65.2245
18538.6	62.4616
18838.4	59.8115
19143.1	57.2708
19452.7	54.8347
19767.4	52.4997
20087.1	50.2609
20412	48.1153
20742.1	46.0587
21077.6	44.0882
21418.5	42.1999
21765	40.3909
22117	38.6576
22474.7	36.9971
22838.2	35.4065
23207.6	33.8832
23583	32.4243
23964.4	31.0269
24352	29.6889
24745.9	28.4077
25146.1	27.1811
25552.9	26.0066
25966.2	24.8823
26386.1	23.8058
26812.9	22.7755
27246.6	21.7893
27687.3	20.8454
28135.1	19.9419
28590.2	19.0773
29052.6	18.2499
29522.5	17.4581
30000	16.7004
