10	5145.56
10.1617	5310.48
10.3261	5480.55
10.4931	5656.14
10.6628	5837.38
10.8353	6012.78
11.0106	6185.78
11.1886	6363.98
11.3696	6530.94
11.5535	6675.58
11.7404	6823.38
11.9303	6974.5
12.1232	7099.02
12.3193	7217.69
12.5186	7338.32
12.721	7466.85
12.9268	7620.7
13.1359	7777.75
13.3483	7938.14
13.5642	8098.52
13.7836	8202
14.0066	8327.44
14.2331	8454.95
14.4633	8584.36
14.6973	8711.5
14.935	8836.4
15.1765	8963.12
15.422	9091.57
15.6714	9204.38
15.9249	9281.68
16.1825	9359.64
16.4442	9438.32
16.7102	9533.14
16.9805	9659.86
17.2551	9788.32
17.5342	9918.44
17.8178	10051.2
18.106	10187.5
18.3989	10325.6
18.6964	10465.7
18.9988	10638.1
19.3061	10861.7
19.6184	11089.9
19.9357	11501.5
20.2582	12080.8
20.5858	13034
20.9188	14962.6
21.2571	17321.3
21.6009	21910.9
21.9503	25913.4
22.3053	31899.3
22.6661	38284.7
23.0327	44053.3
23.4053	53491.8
23.7838	60579.3
24.1685	81102.2
24.5594	102071
24.9566	113871
25.3603	126059
25.7705	137361
26.1873	146082
26.6109	150799
27.0413	155302
27.4786	159068
27.9231	162924
28.3747	162246
28.8337	160774
29.3	157373
29.7739	153412
30.2555	149551
30.7449	145787
31.2421	142117
31.7475	136618
32.2609	131264
32.7827	126119
33.313	121233
33.8518	116541
34.3993	112031
34.9557	107695
35.5211	103527
36.0956	99373.4
36.6794	95133.6
37.2727	91074.5
37.8755	87241.5
38.4882	83994.1
39.1107	80867.4
39.7433	77636.9
40.3861	73814
41.0393	70179.1
41.7031	67337.9
42.3776	65107.7
43.063	62951.6
43.7595	60829.6
44.4673	58695.2
45.1865	56635.6
45.9174	54621.6
46.66	52598
47.4147	50649.6
48.1816	48857.9
48.9609	47528.8
49.7528	46235.8
50.5576	44978.1
51.3753	43754.5
52.2062	42506.1
53.0506	41291.8
53.9087	40112.1
54.7806	38966
55.6667	38069.8
56.567	37260.4
57.482	36468.3
58.4117	35693.1
59.3564	34934.3
60.3165	34248.5
61.2921	33576.4
62.2834	32917.5
63.2908	32271.6
64.3145	31715.1
65.3547	31186.7
66.4118	30667
67.4859	30156.1
68.5775	29758.8
69.6867	29430.7
70.8138	29106.3
71.9592	28785.5
73.123	28433.2
74.3057	27995.7
75.5076	27544.5
76.7289	27100.5
77.9699	26663.7
79.231	26233.9
80.5125	25811.1
81.8147	25395.1
83.138	24985.8
84.4827	24583.1
85.8492	24163.8
87.2377	23666.6
88.6487	23179.6
90.0825	22702.7
91.5395	22235.6
93.0201	21778.1
94.5247	21330
96.0535	20891.1
97.6071	20342
99.1858	19768.8
100.79	19211.7
102.42	18670.3
104.077	18144.2
105.76	17453.1
107.471	16634.5
109.209	15854.2
110.975	14981.9
112.77	14042.5
114.594	13161.9
116.448	12262.7
118.331	11305.1
120.245	10422.4
122.19	9663.75
124.166	8997.51
126.175	8353.34
128.215	7676.11
130.289	7054.38
132.397	9124.52
134.538	30971.3
136.714	83771
138.925	131890
141.172	113368
143.456	81190.1
145.776	59817.6
148.134	52295.9
150.53	46929.2
152.964	44721.4
155.439	42618.7
157.953	40640.2
160.507	38794.9
163.103	37135.1
165.742	35563
168.422	34105
171.146	32717.1
173.915	31385.9
176.727	30108.4
179.586	28949.8
182.491	27842.7
185.442	26777.7
188.442	25753.5
191.49	24768.4
194.587	23809.5
197.734	22827.8
200.932	21886.5
204.182	20984.2
207.485	20119
210.84	19289.3
214.251	18494.2
217.716	17907.8
221.237	17386.9
224.816	16881.4
228.452	16390.4
232.147	15913.6
235.902	15450.8
239.717	15001.4
243.595	14565.1
247.535	14141.6
251.538	13841
255.607	13580.4
259.741	13324.6
263.942	13073.5
268.211	12827.4
272.549	12585.7
276.957	12355.8
281.437	12157.5
285.989	11962.2
290.615	11770.1
295.315	11581.1
300.092	11395.2
304.945	11212.1
309.878	11032.1
314.89	10900.5
319.983	10806.8
325.158	10714
330.418	10621.9
335.762	10530.6
341.192	10440.1
346.711	10350.4
352.319	10255.5
358.017	10152.4
363.808	10049.8
369.692	9948.25
375.672	9847.84
381.748	9748.47
387.922	9641.56
394.197	9516.89
400.573	9349.31
407.052	9167.37
413.635	8988.85
420.326	8813.83
427.124	8642.23
434.032	8473.99
441.052	8309.04
448.186	8146.27
455.435	7981.77
462.802	7817.09
470.287	7653.99
477.894	7494.38
485.623	7338.03
493.478	7184.93
501.459	7035.07
509.57	6888.26
517.812	6743.65
526.187	6598.9
534.698	6451.4
543.346	6304.28
552.134	6160.51
561.065	6016.51
570.14	5874.12
579.361	5734.12
588.732	5597.37
598.254	5463.85
607.93	5333.43
617.763	5206.14
627.755	5081.59
637.909	4956.43
648.226	4829.02
658.711	4701.46
669.365	4577.32
680.191	4463.43
691.193	4357.7
702.372	4255.42
713.733	4149.24
725.277	4041.51
737.008	3936.57
748.928	3834.39
761.042	3734.79
773.351	3636.96
785.859	3539.19
798.57	3441.98
811.486	3347.47
824.611	3255.53
837.949	3166.09
851.502	3078.37
865.274	2992.23
879.269	2907.76
893.491	2825.66
907.942	2745.89
922.628	2668.38
937.551	2591.22
952.715	2515.88
968.124	2442.38
983.783	2370.96
999.695	2301.53
1015.86	2234.01
1032.29	2167.42
1048.99	2102.52
1065.96	2039.26
1083.2	1977.91
1100.72	1918.37
1118.52	1860.58
1136.61	11261.1
1155	10835.5
1173.68	10426
1192.66	10031.8
1211.95	9652.62
1231.55	9287.73
1251.47	8936.95
1271.72	8599.94
1292.28	8276.05
1313.19	7964.26
1334.43	7664.28
1356.01	7375.64
1377.94	7097.75
1400.23	6830.38
1422.88	6573.12
1445.89	6325.57
1469.28	6087.38
1493.04	5861.13
1517.19	5652.03
1541.73	5450.37
1566.67	5255.88
1592.01	5068.36
1617.76	5250.35
1643.92	5051.54
1670.51	4860.29
1697.53	4676.27
1724.99	4499.25
1752.89	4328.86
1781.24	4164.91
1810.05	4182.8
1839.32	4028.65
1869.07	3880.24
1899.3	3737.41
1930.02	3599.73
1961.24	3467.12
1992.96	3339.38
2025.2	3217.7
2057.95	3098.04
2091.24	2982.57
2125.06	2871.14
2159.43	2763.62
2194.36	2659.9
2229.85	2559.97
2265.92	2463.58
2302.57	2370.71
2339.81	2281.16
2377.66	2194.91
2416.11	2111.75
2455.19	2031.61
2494.9	1954.36
2535.26	1879.95
2576.26	1808.32
2617.93	1739.32
2660.27	1672.85
2703.3	1608.89
2747.03	1547.29
2791.46	1487.91
2836.61	1430.82
2882.49	1375.88
2929.11	1322.94
2976.48	1272.01
3024.63	1223
3073.55	1175.8
3123.26	1130.4
3173.78	1086.74
3225.11	1044.75
3277.27	1004.27
3330.28	965.391
3384.15	927.977
3438.88	891.972
3494.5	857.331
3551.02	824.02
3608.46	791.976
3666.82	761.155
3726.13	731.511
3786.4	703.005
3847.64	675.588
3909.87	649.217
3973.11	623.86
4037.37	599.48
4102.68	576.026
4169.03	553.476
4236.46	531.792
4304.99	510.95
4374.62	490.905
4445.37	471.626
4517.27	453.096
4590.34	435.286
4664.58	418.154
4740.03	401.677
4816.69	385.848
4894.6	370.63
4973.77	355.999
5054.21	341.931
5135.96	328.407
5219.03	315.402
5303.44	302.9
5389.22	290.883
5476.39	279.34
5564.97	268.237
5654.98	257.566
5746.44	247.306
5839.38	237.439
5933.83	227.957
6029.81	218.857
6127.33	210.092
6226.44	201.673
6327.15	193.583
6429.48	185.803
6533.48	178.328
6639.15	171.14
6746.53	164.234
6855.65	157.591
6966.54	151.212
7079.22	416.559
7193.72	397.338
7310.07	378.991
7428.31	361.497
7548.45	344.816
7670.54	457.89
7794.61	437.196
7920.68	417.421
8048.79	398.551
8178.97	438.615
8311.26	421.595
8445.69	405.17
8582.29	389.317
8721.11	374.021
8862.16	359.269
9005.5	345.058
9151.16	331.339
9299.17	318.136
9449.58	305.422
9602.42	293.167
9757.73	281.373
9915.55	270.028
10075.9	259.099
10238.9	248.585
10404.5	238.47
10572.8	228.742
10743.8	219.387
10917.6	210.395
11094.2	201.75
11273.6	193.441
11455.9	185.456
11641.2	177.787
11829.5	170.42
12020.8	163.343
12215.3	156.55
12412.9	150.024
12613.6	143.761
12817.6	137.749
13025	131.98
13235.6	126.442
13449.7	121.13
13667.2	116.032
13888.3	111.142
14112.9	106.452
14341.2	101.954
14573.1	97.6393
14808.9	93.5038
15048.4	89.5375
15291.8	85.7353
15539.1	82.0903
15790.4	78.5964
16045.8	75.2479
16305.4	72.0395
16569.1	68.964
16837.1	66.0174
17109.4	63.194
17386.1	60.489
17667.4	57.8983
17953.1	55.4157
18243.5	53.0382
18538.6	50.761
18838.4	48.5796
19143.1	46.4909
19452.7	44.4907
19767.4	42.5755
20087.1	40.7413
20412	38.9853
20742.1	37.304
21077.6	35.6944
21418.5	34.1535
21765	32.6787
22117	31.2666
22474.7	29.9149
22838.2	28.6214
23207.6	27.3832
23583	26.1983
23964.4	25.0641
24352	23.9787
24745.9	22.94
25146.1	21.9462
25552.9	20.9951
25966.2	20.085
26386.1	19.214
26812.9	18.3807
27246.6	17.5835
27687.3	16.8207
28135.1	16.0909
28590.2	15.3927
29052.6	14.7247
29522.5	14.0856
30000	13.4741
