10	103866
10.1617	106002
10.3261	108180
10.4931	110404
10.6628	112674
10.8353	114989
11.0106	117351
11.1886	119766
11.3696	122227
11.5535	124739
11.7404	126686
11.9303	126970
12.1232	127254
12.3193	127538
12.5186	127823
12.721	128109
12.9268	128395
13.1359	128682
13.3483	128970
13.5642	129258
13.7836	129547
14.0066	129836
14.2331	130127
14.4633	130418
14.6973	130709
14.935	131001
15.1765	131294
15.422	131588
15.6714	131345
15.9249	130437
16.1825	129536
16.4442	128640
16.7102	127751
16.9805	126868
17.2551	125991
17.5342	125120
17.8178	124255
18.106	123286
18.3989	122015
18.6964	120758
18.9988	119514
19.3061	118282
19.6184	117063
19.9357	115857
20.2582	114663
20.5858	113482
20.9188	112312
21.2571	111155
21.6009	110010
21.9503	108876
22.3053	107754
22.6661	106341
23.0327	104853
23.4053	103387
23.7838	101941
24.1685	100516
24.5594	99110
24.9566	97724.2
25.3603	96357.4
25.7705	95009.9
26.1873	93681.2
26.6109	92371.3
27.0413	91079.4
27.4786	89805.8
27.9231	88549.8
28.3747	87145.7
28.8337	85282.3
29.3	83458.3
29.7739	81673.9
30.2555	79927.2
30.7449	78218.1
31.2421	76545.5
31.7475	74908.8
32.2609	73306.7
32.7827	71739.3
33.313	70205.3
33.8518	68703.9
34.3993	67204
34.9557	65695.1
35.5211	64220.1
36.0956	62778
36.6794	61368.5
37.2727	59990.5
37.8755	58643.5
38.4882	57326.6
39.1107	56039.6
39.7433	54781.2
40.3861	53551.3
41.0393	52324.9
41.7031	50979
42.3776	49667.4
43.063	48389.7
43.7595	47145
44.4673	45932
45.1865	44750.4
45.9174	43599.3
46.66	42477.6
47.4147	41385
48.1816	40320.3
48.9609	39283
49.7528	38263.6
50.5576	37196.2
51.3753	36158.6
52.2062	36073.8
53.0506	36568.9
53.9087	67159.7
54.7806	127709
55.6667	135113
56.567	139257
57.482	140353
58.4117	140955
59.3564	135633
60.3165	130512
61.2921	124309
62.2834	117545
63.2908	111150
64.3145	105102
65.3547	99383.7
66.4118	93976.6
67.4859	88984.3
68.5775	86387.1
69.6867	83865.6
70.8138	81417.8
71.9592	79041.2
73.123	76734.2
74.3057	74494.5
75.5076	72730.4
76.7289	71744.8
77.9699	70772.6
79.231	69813.6
80.5125	68867.5
81.8147	67934.3
83.138	67013.7
84.4827	66105.6
85.8492	65209.8
87.2377	64326.1
88.6487	63458.5
90.0825	62670.2
91.5395	61891.7
93.0201	61122.9
94.5247	60363.6
96.0535	59613.8
97.6071	58873.3
99.1858	58141.9
100.79	57419.7
102.42	56706.5
104.077	56002
105.76	55306.4
107.471	54594.9
109.209	53886.5
110.975	53187.3
112.77	52497.1
114.594	51816
116.448	51143.6
118.331	50480
120.245	49825
122.19	49178.5
124.166	48540.4
126.175	47809.8
128.215	47003.5
130.289	46210.8
132.397	45431.5
134.538	44665.3
136.714	43912
138.925	43171.4
141.172	42443.3
143.456	41727.5
145.776	41023.8
148.134	40289.3
150.53	39503.4
152.964	38732.8
155.439	37977.4
157.953	37236.6
160.507	36510.3
163.103	35798.1
165.742	35099.9
168.422	34415.2
171.146	33744
173.915	33085.8
176.727	32440.4
179.586	31807.7
182.491	31187.3
185.442	30578.9
188.442	29982.5
191.49	29356.5
194.587	28532.3
197.734	27731.1
200.932	26952.4
204.182	26195.7
207.485	25460.2
210.84	24745.2
214.251	24050.5
217.716	23375.2
221.237	22718.8
224.816	22084.9
228.452	21583.3
232.147	21093.1
235.902	20614.1
239.717	20145.9
243.595	19688.4
247.535	19241.3
251.538	18804.3
255.607	18377.3
259.741	17959.9
263.942	17552
268.211	17153.4
272.549	16763.8
276.957	16352.4
281.437	15855.8
285.989	15374.2
290.615	14907.3
295.315	14454.5
300.092	14015.5
304.945	13589.8
309.878	13177.1
314.89	12776.9
319.983	12388.9
325.158	12012.6
330.418	11647.8
335.762	11294
341.192	10873.3
346.711	10466.3
352.319	10074.5
358.017	9697.42
363.808	9334.44
369.692	8985.03
375.672	8648.73
381.748	8324.98
387.922	8050.61
394.197	7797.56
400.573	7541.05
407.052	7272.98
413.635	7014.44
420.326	6765.11
427.124	6524.62
434.032	6292.67
441.052	6068.98
448.186	5853.26
455.435	5645.18
462.802	5444.52
470.287	5250.97
477.894	5064.32
485.623	4884.28
493.478	4710.34
501.459	4541.69
509.57	4379.08
517.812	4222.29
526.187	4071.1
534.698	3925.34
543.346	3784.8
552.134	3649.27
561.065	3518.62
570.14	3392.63
579.361	3271.15
588.732	3154.03
598.254	3047.81
607.93	2949.4
617.763	2854.21
627.755	2761.81
637.909	2668.87
648.226	2574.03
658.711	2479.36
669.365	2388.19
680.191	2306.88
691.193	2233.3
702.372	2163.85
713.733	17735.6
725.277	17072.6
737.008	16434.5
748.928	15820.4
761.042	15229.6
773.351	14661
785.859	14119
798.57	13617.4
811.486	13469.3
824.611	13322.8
837.949	13177.8
851.502	13034.4
865.274	12705.9
879.269	12224.1
893.491	11760.8
907.942	11314.8
922.628	10885.6
937.551	10481
952.715	10093.7
968.124	9722.74
983.783	9365.19
999.695	9020.54
1015.86	8688.16
1032.29	8365.71
1048.99	8052.23
1065.96	7747.25
1083.2	7453.72
1100.72	7171.34
1118.52	6899.61
1136.61	6638.18
1155	6386.74
1173.68	6144.77
1192.66	5911.95
1211.95	5687.95
1231.55	5472.44
1251.47	5263.41
1271.72	5060.6
1292.28	4863.41
1313.19	4673.98
1334.43	4491.92
1356.01	4316.88
1377.94	4148.65
1400.23	3987
1422.88	3831.69
1445.89	3682.41
1469.28	3538.64
1493.04	3399.95
1517.19	3264.7
1541.73	3134.59
1566.67	3009.7
1592.01	2889.76
1617.76	2774.6
1643.92	2664
1670.51	2557.84
1697.53	2455.91
1724.99	2358.02
1752.89	2262.44
1781.24	2170.2
1810.05	2081.29
1839.32	1996.03
1869.07	1914.27
1899.3	1835.88
1930.02	1760.69
1961.24	1688.59
1992.96	1619.42
2025.2	1553.8
2057.95	1489.48
2091.24	1427.74
2125.06	1368.44
2159.43	1311.52
2194.36	1256.85
2229.85	1204.4
2265.92	1154.08
2302.57	1105.79
2339.81	1059.4
2377.66	1014.95
2416.11	972.293
2455.19	931.374
2494.9	892.133
2535.26	854.506
2576.26	818.417
2617.93	783.815
2660.27	750.645
2703.3	718.839
2747.03	688.357
2791.46	659.14
2836.61	631.144
2882.49	604.304
2929.11	578.587
2976.48	553.942
3024.63	530.341
3073.55	507.717
3123.26	486.044
3173.78	465.285
3225.11	445.402
3277.27	426.355
3330.28	408.112
3384.15	390.643
3438.88	373.91
3494.5	357.88
3551.02	342.54
3608.46	327.849
3666.82	313.776
3726.13	300.312
3786.4	287.411
3847.64	275.064
3909.87	263.243
3973.11	251.931
4037.37	241.097
4102.68	230.732
4169.03	220.8
4236.46	211.303
4304.99	202.206
4374.62	193.499
4445.37	185.169
4517.27	177.202
4590.34	169.565
4664.58	162.266
4740.03	155.281
4816.69	148.588
4894.6	142.192
4973.77	136.06
5054.21	130.201
5135.96	124.594
5219.03	119.224
5303.44	114.09
5389.22	109.173
5476.39	104.473
5564.97	99.9726
5654.98	95.6668
5746.44	91.5468
5839.38	87.605
5933.83	83.8328
6029.81	80.2239
6127.33	76.7708
6226.44	73.4671
6327.15	70.3058
6429.48	67.2806
6533.48	64.3871
6639.15	61.6177
6746.53	58.9681
6855.65	56.4335
6966.54	54.0078
7079.22	51.6878
7193.72	397.241
7310.07	381.933
7428.31	367.131
7548.45	352.813
7670.54	338.997
7794.61	325.655
7920.68	312.775
8048.79	300.347
8178.97	288.36
8311.26	276.801
8445.69	265.667
8582.29	254.926
8721.11	244.588
8862.16	234.627
9005.5	225.048
9151.16	215.812
9299.17	206.935
9449.58	198.394
9602.42	190.182
9757.73	182.28
9915.55	174.694
10075.9	167.393
10238.9	160.38
10404.5	153.641
10572.8	147.168
10743.8	140.952
10917.6	134.983
11094.2	129.253
11273.6	123.753
11455.9	118.473
11641.2	113.409
11829.5	108.551
12020.8	103.89
12215.3	99.4209
12412.9	95.1332
12613.6	91.024
12817.6	87.0844
13025	83.309
13235.6	79.6887
13449.7	76.2206
13667.2	72.8973
13888.3	69.7138
14112.9	66.6632
14341.2	63.7426
14573.1	60.9444
14808.9	58.266
15048.4	55.7001
15291.8	53.2443
15539.1	50.893
15790.4	48.6422
16045.8	46.4879
16305.4	44.4267
16569.1	42.4537
16837.1	40.566
17109.4	38.7598
17386.1	37.0318
17667.4	35.3792
17953.1	33.7979
18243.5	32.2858
18538.6	30.8396
18838.4	29.4563
19143.1	28.1338
19452.7	26.8692
19767.4	25.6603
20087.1	24.5043
20412	23.3993
20742.1	22.343
21077.6	21.3334
21418.5	20.3685
21765	19.4464
22117	18.565
22474.7	17.7228
22838.2	16.9181
23207.6	16.1493
23583	15.4147
23964.4	14.7128
24352	14.0424
24745.9	13.4019
25146.1	12.7902
25552.9	12.2059
25966.2	11.6478
26386.1	11.1147
26812.9	10.6057
27246.6	10.1196
27687.3	9.65539
28135.1	9.21212
28590.2	8.78893
29052.6	8.38483
29522.5	7.99901
30000	7.63071
