10	951.691
10.1617	1124.97
10.3261	1329.66
10.4931	1607.22
10.6628	2072.53
10.8353	2672.26
11.0106	3445.54
11.1886	4443.68
11.3696	6691.17
11.5535	10412
11.7404	16201
11.9303	25210.2
12.1232	38815.3
12.3193	51581.1
12.5186	68543.2
12.721	91095.3
12.9268	101006
13.1359	104081
13.3483	107252
13.5642	109644
13.7836	111876
14.0066	114153
14.2331	116181
14.4633	116481
14.6973	116781
14.935	117083
15.1765	117386
15.422	117689
15.6714	117284
15.9249	116492
16.1825	115706
16.4442	114926
16.7102	114150
16.9805	113380
17.2551	112635
17.5342	112231
17.8178	111829
18.106	111427
18.3989	111027
18.6964	110265
18.9988	109178
19.3061	108104
19.6184	107039
19.9357	105985
20.2582	104735
20.5858	103259
20.9188	101804
21.2571	100370
21.6009	98954.9
21.9503	97560.3
22.3053	95334.9
22.6661	92736.3
23.0327	90209.2
23.4053	87750.6
23.7838	85358.2
24.1685	83031.6
24.5594	79823.2
24.9566	76630.1
25.3603	73565.5
25.7705	70623.1
26.1873	67798.3
26.6109	65086.7
27.0413	62483.3
27.4786	59983.8
27.9231	56551.6
28.3747	53312.5
28.8337	50259.3
29.3	47380.4
29.7739	44666.6
30.2555	42108.4
30.7449	39696.8
31.2421	37422.9
31.7475	35279.8
32.2609	33258.8
32.7827	31353.9
33.313	29539.7
33.8518	27444.1
34.3993	25497.1
34.9557	23688.4
35.5211	22007.9
36.0956	20446.6
36.6794	18996
37.2727	17648.5
37.8755	16396.4
38.4882	15233.3
39.1107	14152.6
39.7433	13145.8
40.3861	12183.8
41.0393	11292
41.7031	10465.6
42.3776	9699.54
43.063	8989.64
43.7595	8331.66
44.4673	7721.86
45.1865	7156.69
45.9174	6632.9
46.66	6163.09
47.4147	5772.69
48.1816	5407.05
48.9609	5090.36
49.7528	4838.62
50.5576	4610.15
51.3753	4448.18
52.2062	4291.87
53.0506	4179.11
53.9087	4127.99
54.7806	4085.36
55.6667	4092.35
56.567	4099.33
57.482	4206.55
58.4117	4366.32
59.3564	4597.81
60.3165	5239.61
61.2921	6800.54
62.2834	8569.24
63.2908	10797.8
64.3145	13606
65.3547	17144.6
66.4118	21603.1
67.4859	27222
68.5775	35822.8
69.6867	45901
70.8138	53703.6
71.9592	60671.7
73.123	67224.7
74.3057	70478.8
75.5076	73890.2
76.7289	76873.5
77.9699	78166.1
79.231	79480.7
80.5125	80817
81.8147	81661.5
83.138	82170.8
84.4827	82683.2
85.8492	83199
87.2377	82980.7
88.6487	82757.4
90.0825	82534.8
91.5395	82144.6
93.0201	81509.3
94.5247	80878.8
96.0535	80253
97.6071	78686.5
99.1858	76648.1
100.79	74662.2
102.42	72727.7
104.077	69471.4
105.76	65455.5
107.471	61672.7
109.209	58107.7
110.975	54748.6
112.77	51584.2
114.594	48602.6
116.448	45794
118.331	43146.7
120.245	40653
122.19	38435.5
124.166	36418.8
126.175	34508.6
128.215	32697.6
130.289	30982.2
132.397	29357.1
134.538	27816.7
136.714	26357.4
138.925	24974.3
141.172	23287.9
143.456	21667
145.776	20158.3
148.134	18755.1
150.53	17449.2
152.964	16234.2
155.439	15104.2
157.953	14032.1
160.507	12990.8
163.103	12027.1
165.742	11135.1
168.422	10308.9
171.146	9544.06
173.915	8836.19
176.727	8180.5
179.586	7560.65
182.491	6980.43
185.442	6444.63
188.442	5950.09
191.49	5493.33
194.587	5064.25
197.734	4648.02
200.932	4266
204.182	3915.41
207.485	3712.37
210.84	3571.58
214.251	3424.22
217.716	3257.07
221.237	3098.08
224.816	2945.08
228.452	2798.3
232.147	2670.46
235.902	2565.96
239.717	2528.93
243.595	2515.12
247.535	2501.4
251.538	2484.38
255.607	2467.14
259.741	2558.64
263.942	2627.66
268.211	2698.55
272.549	2772.2
276.957	2872.57
281.437	2976.55
285.989	3084.31
290.615	3205.46
295.315	3341.35
300.092	3482.97
304.945	3671.56
309.878	3964.93
314.89	4281.82
319.983	4567.73
325.158	4868.86
330.418	5196.37
335.762	5579.95
341.192	5991.89
346.711	6422.79
352.319	6845.61
358.017	7296.3
363.808	7729.33
369.692	8131.01
375.672	8553.49
381.748	8997.98
387.922	9343.44
394.197	9606.82
400.573	9877.66
407.052	10156.2
413.635	10406.6
420.326	10560.2
427.124	10716.1
434.032	10874.3
441.052	11034.8
448.186	11197.7
455.435	11352.5
462.802	11472.6
470.287	11594
477.894	11716.6
485.623	11840.6
493.478	11899.7
501.459	11887.3
509.57	11874.8
517.812	11862.4
526.187	11850
534.698	11837.6
543.346	11825.2
552.134	11791.4
561.065	11745.6
570.14	11700
579.361	11654.6
588.732	11665
598.254	11743.8
607.93	11823.1
617.763	11903
627.755	11958.6
637.909	11779.8
648.226	11603.8
658.711	11400
669.365	11099.6
680.191	10807.2
691.193	10522.6
702.372	10276.3
713.733	10037.3
725.277	9803.87
737.008	9575.87
748.928	9331.24
761.042	9084.33
773.351	8843.93
785.859	8614.21
798.57	8395.73
811.486	8183.86
824.611	7977.36
837.949	7776.07
851.502	7628.34
865.274	7536.91
879.269	7494.3
893.491	7451.85
907.942	7409.69
922.628	7367.76
937.551	7219.16
952.715	7047
968.124	6856.32
983.783	6670.82
999.695	6489.38
1015.86	6311.86
1032.29	6130.75
1048.99	5963.45
1065.96	5809.94
1083.2	5660.23
1100.72	5514.33
1118.52	5372.15
1136.61	5233.5
1155	5098.39
1173.68	4966.7
1192.66	4838.29
1211.95	4713.18
1231.55	4591.21
1251.47	4465.19
1271.72	4335.07
1292.28	4199.61
1313.19	4068.21
1334.43	3940.87
1356.01	3817.42
1377.94	3697.77
1400.23	3581.8
1422.88	3469.37
1445.89	3360.43
1469.28	3254.42
1493.04	3151.01
1517.19	3048.38
1541.73	2948.71
1566.67	2852.25
1592.01	2758.82
1617.76	2668.39
1643.92	2580.83
1670.51	2496.1
1697.53	2414.11
1724.99	2334.72
1752.89	2256.59
1781.24	2180.6
1810.05	2106.8
1839.32	2035.41
1869.07	1966.42
1899.3	1899.72
1930.02	1835.21
1961.24	1772.89
1992.96	1712.63
2025.2	1655.14
2057.95	1598.08
2091.24	1542.78
2125.06	1489.14
2159.43	1437.23
2194.36	1386.93
2229.85	1338.27
2265.92	1291.16
2302.57	1245.58
2339.81	1201.47
2377.66	1158.72
2416.11	1117.33
2455.19	1077.35
2494.9	1038.72
2535.26	1001.3
2576.26	965.114
2617.93	930.129
2660.27	896.309
2703.3	863.604
2747.03	832.004
2791.46	801.471
2836.61	771.96
2882.49	743.434
2929.11	715.883
2976.48	689.261
3024.63	1684.13
3073.55	1616.85
3123.26	1552.28
3173.78	2150.53
3225.11	2065.35
3277.27	1983.69
3330.28	1905.28
3384.15	1830.09
3438.88	1757.85
3494.5	1688.61
3551.02	1622.05
3608.46	1558.25
3666.82	1735.82
3726.13	1667.51
3786.4	1602.01
3847.64	1539.11
3909.87	1478.72
3973.11	1420.75
4037.37	1365.11
4102.68	1311.68
4169.03	1260.31
4236.46	1211.07
4304.99	1163.73
4374.62	1183.06
4445.37	1137.37
4517.27	1093.42
4590.34	1051.15
4664.58	1054.84
4740.03	1014.44
4816.69	975.584
4894.6	938.07
4973.77	901.927
5054.21	867.102
5135.96	833.549
5219.03	801.223
5303.44	770.087
5389.22	740.098
5476.39	711.224
5564.97	683.434
5654.98	656.682
5746.44	630.926
5839.38	606.144
5933.83	582.299
6029.81	559.367
6127.33	537.293
6226.44	516.073
6327.15	495.666
6429.48	476.038
6533.48	457.165
6639.15	439.021
6746.53	421.586
6855.65	404.816
6966.54	388.71
7079.22	373.227
7193.72	358.343
7310.07	344.044
7428.31	330.309
7548.45	317.115
7670.54	304.438
7794.61	292.261
7920.68	280.563
8048.79	269.328
8178.97	258.536
8311.26	248.18
8445.69	238.225
8582.29	228.678
8721.11	219.5
8862.16	210.694
9005.5	202.233
9151.16	194.115
9299.17	186.321
9449.58	178.835
9602.42	171.657
9757.73	164.762
9915.55	158.133
10075.9	151.595
10238.9	145.306
10404.5	139.255
10572.8	133.434
10743.8	127.834
10917.6	122.447
11094.2	117.266
11273.6	112.281
11455.9	107.488
11641.2	102.878
11829.5	98.4446
12020.8	94.1809
12215.3	90.0823
12412.9	86.1396
12613.6	82.35
12817.6	78.7062
13025	75.2042
13235.6	71.8362
13449.7	68.5998
13667.2	65.4884
13888.3	62.4987
14112.9	59.625
14341.2	56.864
14573.1	54.2102
14808.9	51.6616
15048.4	124.753
15291.8	119.364
15539.1	114.208
15790.4	109.275
16045.8	104.555
16305.4	100.039
16569.1	95.7181
16837.1	91.584
17109.4	87.6282
17386.1	83.8431
17667.4	80.2226
17953.1	108.372
18243.5	104.146
18538.6	100.084
18838.4	109.574
19143.1	105.326
19452.7	101.227
19767.4	97.2733
20087.1	93.4604
20412	89.7845
20742.1	86.2413
21077.6	82.8275
21418.5	79.5388
21765	76.3718
22117	73.3219
22474.7	70.3859
22838.2	67.56
23207.6	64.8409
23583	62.2249
23964.4	59.7084
24352	57.2882
24745.9	54.9612
25146.1	52.7241
25552.9	50.5735
25966.2	48.5067
26386.1	46.5202
26812.9	44.6121
27246.6	42.7789
27687.3	41.0181
28135.1	39.3268
28590.2	37.7029
29052.6	36.1436
29522.5	34.6466
30000	33.2096
