10	1e-10
10.1617	1e-10
10.3261	1e-10
10.4931	1e-10
10.6628	1e-10
10.8353	1e-10
11.0106	9.99994e-11
11.1886	1e-10
11.3696	1e-10
11.5535	1e-10
11.7404	1e-10
11.9303	9.99997e-11
12.1232	1e-10
12.3193	1e-10
12.5186	9.99996e-11
12.721	1.00001e-10
12.9268	1e-10
13.1359	9.99997e-11
13.3483	1e-10
13.5642	1e-10
13.7836	1e-10
14.0066	9.99998e-11
14.2331	1e-10
14.4633	1e-10
14.6973	9.99998e-11
14.935	9.99999e-11
15.1765	1e-10
15.422	1e-10
15.6714	1e-10
15.9249	2.06432e-09
16.1825	1.01238e-06
16.4442	25.9152
16.7102	218128
16.9805	2.36056e+06
17.2551	2.25332e+06
17.5342	2.1508e+06
17.8178	2.05294e+06
18.106	1.95954e+06
18.3989	1.87039e+06
18.6964	1.78528e+06
18.9988	1.70405e+06
19.3061	1.62652e+06
19.6184	1.55155e+06
19.9357	1.47766e+06
20.2582	1.4073e+06
20.5858	1.34028e+06
20.9188	1.27646e+06
21.2571	1.21567e+06
21.6009	1.15777e+06
21.9503	1.10264e+06
22.3053	1.05013e+06
22.6661	1.00013e+06
23.0327	952500
23.4053	907145
23.7838	863942
24.1685	822803
24.5594	783271
24.9566	745376
25.3603	709319
25.7705	675004
26.1873	642348
26.6109	611275
27.0413	581702
27.4786	553557
27.9231	526780
28.3747	501293
28.8337	477044
29.3	453964
29.7739	432002
30.2555	411893
30.7449	393393
31.2421	375590
31.7475	358460
32.2609	342112
32.7827	326512
33.313	311622
33.8518	297408
34.3993	283842
34.9557	270896
35.5211	258512
36.0956	246691
36.6794	235410
37.2727	224642
37.8755	214363
38.4882	204552
39.1107	195189
39.7433	186257
40.3861	177737
41.0393	169599
41.7031	161746
42.3776	154255
43.063	147112
43.7595	140287
44.4673	133777
45.1865	127567
45.9174	121645
46.66	115998
47.4147	110615
48.1816	105482
48.9609	100579
49.7528	95904.5
50.5576	91432.1
51.3753	87161.9
52.2062	83091.5
53.0506	79210.7
53.9087	75512
54.7806	71985.4
55.6667	68623.6
56.567	65418.7
57.482	62363.7
58.4117	59451.5
59.3564	56675.2
60.3165	54028.5
61.2921	51497.7
62.2834	49067.9
63.2908	46746.1
64.3145	44517.9
65.3547	42395.7
66.4118	40374.6
67.4859	38449.9
68.5775	36617.3
69.6867	34871.8
70.8138	33209.5
71.9592	31626.6
73.123	30119.3
74.3057	28683.7
75.5076	27316.3
76.7289	26014.1
77.9699	24774.1
79.231	23593
80.5125	22468.2
81.8147	21395.6
83.138	20372.2
84.4827	19387.7
85.8492	18450.7
87.2377	17558.6
88.6487	16709.7
90.0825	15901.9
91.5395	15133.2
93.0201	14401.6
94.5247	13705.4
96.0535	13043
97.6071	12412.5
99.1858	11812.5
100.79	11239.9
102.42	10694.4
104.077	10177.8
105.76	9685.69
107.471	9217.5
109.209	8771.89
110.975	8347.78
112.77	7944.2
114.594	7560.2
116.448	7194.79
118.331	6846.92
120.245	6515.89
122.19	6200.88
124.166	5900.66
126.175	5610.83
128.215	5335.12
130.289	5073.06
132.397	4823.83
134.538	4586.81
136.714	4361.49
138.925	4147.21
141.172	3943.43
143.456	3749.69
145.776	3565.47
148.134	3390.31
150.53	3223.72
152.964	3065.34
155.439	2914.75
157.953	2771.54
160.507	2635.37
163.103	2505.73
165.742	2382.28
168.422	2263.34
171.146	2150.2
173.915	2042.72
176.727	1940.58
179.586	1843.61
182.491	1751.47
185.442	1663.9
188.442	1580.72
191.49	1501.66
194.587	1426.62
197.734	1355.32
200.932	1287.58
204.182	1223.19
207.485	1162.04
210.84	1103.96
214.251	1048.73
217.716	996.295
221.237	946.514
224.816	899.205
228.452	854.252
232.147	811.544
235.902	770.976
239.717	732.432
243.595	695.821
247.535	661.036
251.538	627.984
255.607	596.587
259.741	566.756
263.942	538.419
268.211	511.499
272.549	485.92
276.957	461.623
281.437	438.543
285.989	416.618
290.615	395.789
295.315	376.003
300.092	357.206
304.945	339.323
309.878	322.306
314.89	305.875
319.983	290.208
325.158	275.342
330.418	261.242
335.762	247.862
341.192	235.174
346.711	223.13
352.319	211.702
358.017	200.856
363.808	190.57
369.692	180.811
375.672	171.553
381.748	162.764
387.922	154.427
394.197	146.524
400.573	139.019
407.052	131.898
413.635	125.143
420.326	118.734
427.124	112.653
434.032	106.883
441.052	101.405
448.186	96.2076
455.435	91.2794
462.802	86.6036
470.287	82.1667
477.894	77.9578
485.623	73.9639
493.478	70.1749
501.459	66.5796
509.57	63.1688
517.812	59.9326
526.187	56.8628
534.698	53.9501
543.346	51.1861
552.134	48.564
561.065	46.0761
570.14	43.7153
579.361	41.4755
588.732	39.351
598.254	37.3352
607.93	35.4223
617.763	33.6007
627.755	31.8673
637.909	30.2122
648.226	28.6431
658.711	27.1554
669.365	25.7449
680.191	24.4076
691.193	23.1397
702.372	21.9377
713.733	20.7983
725.277	19.718
737.008	18.6939
748.928	17.7229
761.042	16.8023
773.351	15.929
785.859	15.1014
798.57	14.317
811.486	13.5738
824.611	12.869
837.949	12.2005
851.502	11.5667
865.274	10.9659
879.269	10.3964
893.491	9.85617
907.942	9.34411
922.628	8.85868
937.551	8.39851
952.715	7.96226
968.124	7.54868
983.783	7.15661
999.695	6.78488
1015.86	6.43239
1032.29	6.09824
1048.99	5.7815
1065.96	5.48121
1083.2	5.19651
1100.72	4.92659
1118.52	4.67059
1136.61	4.42799
1155	4.19802
1173.68	3.97999
1192.66	3.77324
1211.95	3.57722
1231.55	3.39136
1251.47	3.21379
1271.72	3.04526
1292.28	2.88527
1313.19	2.73367
1334.43	2.59002
1356.01	2.45388
1377.94	2.32494
1400.23	2.20281
1422.88	2.08714
1445.89	1.97746
1469.28	1.87355
1493.04	1.77508
1517.19	1.68183
1541.73	1.59352
1566.67	1.50995
1592.01	1.43085
1617.76	1.35592
1643.92	1.28493
1670.51	1.21761
1697.53	1.15382
1724.99	1.0934
1752.89	1.03597
1781.24	0.981514
1810.05	0.929881
1839.32	0.880958
1869.07	0.834613
1899.3	0.790701
1930.02	0.749103
1961.24	0.709698
1992.96	0.672364
2025.2	0.637206
2057.95	0.603591
2091.24	0.57173
2125.06	0.541523
2159.43	0.512904
2194.36	0.485772
2229.85	0.460061
2265.92	0.4357
2302.57	0.412611
2339.81	0.390731
2377.66	0.369996
2416.11	0.350343
2455.19	0.331735
2494.9	0.314093
2535.26	0.297388
2576.26	0.281554
2617.93	0.266556
2660.27	0.25235
2703.3	0.238887
2747.03	0.226143
2791.46	0.214065
2836.61	0.202634
2882.49	0.191805
2929.11	0.181543
2976.48	0.171826
3024.63	0.162634
3073.55	0.153926
3123.26	0.145676
3173.78	0.13787
3225.11	0.130482
3277.27	0.123485
3330.28	0.116866
3384.15	0.110601
3438.88	0.104663
3494.5	0.0990495
3551.02	0.0937381
3608.46	0.0887113
3666.82	0.0839547
3726.13	0.0794546
3786.4	0.0751981
3847.64	0.0711709
3909.87	0.0673614
3973.11	0.0637585
4037.37	0.060326
4102.68	0.0571032
4169.03	0.0540534
4236.46	0.0511687
4304.99	0.0484384
4374.62	0.0458552
4445.37	0.0434103
4517.27	0.0410966
4590.34	0.0389083
4664.58	0.0368364
4740.03	0.0348751
4816.69	0.0330191
4894.6	0.0312622
4973.77	0.0295999
5054.21	0.0280261
5135.96	0.0265363
5219.03	0.0251264
5303.44	0.0237912
5389.22	0.0225272
5476.39	0.0213308
5564.97	0.0201985
5654.98	0.0191261
5746.44	0.0181106
5839.38	0.0171493
5933.83	0.0162394
6029.81	0.0153776
6127.33	0.0145615
6226.44	0.0137891
6327.15	0.0130572
6429.48	0.0123644
6533.48	0.011709
6639.15	0.0110875
6746.53	0.010499
6855.65	0.00994201
6966.54	0.00941447
7079.22	0.00891481
7193.72	0.00844161
7310.07	0.00799348
7428.31	0.00756913
7548.45	0.00716719
7670.54	0.00678654
7794.61	0.006426
7920.68	0.00608454
8048.79	0.00576119
8178.97	0.00545492
8311.26	0.00516485
8445.69	0.00489009
8582.29	0.00462989
8721.11	0.0043835
8862.16	0.00415006
9005.5	0.00392904
9151.16	0.00371959
9299.17	0.00352135
9449.58	0.0033335
9602.42	0.00315564
9757.73	0.00298723
9915.55	0.0028277
10075.9	0.00267681
10238.9	0.00253394
10404.5	0.00239862
10572.8	0.00227046
10743.8	0.00214908
10917.6	0.00203415
11094.2	0.0019253
11273.6	0.00182219
11455.9	0.00172456
11641.2	0.00163211
11829.5	0.00154457
12020.8	0.00146168
12215.3	0.0013832
12412.9	0.00130886
12613.6	0.00123849
12817.6	0.00117186
13025	0.00110879
13235.6	0.00104905
13449.7	0.00099251
13667.2	0.000938971
13888.3	0.000888301
14112.9	0.000840323
14341.2	0.000794917
14573.1	0.000751927
14808.9	0.000711255
15048.4	0.000672744
15291.8	0.000636301
15539.1	0.000601808
15790.4	0.000569164
16045.8	0.000538277
16305.4	0.000509056
16569.1	0.000481399
16837.1	0.000455236
17109.4	0.000430481
17386.1	0.00040706
17667.4	0.000384913
17953.1	0.000363954
18243.5	0.000344133
18538.6	0.000325388
18838.4	0.000307655
19143.1	0.000290891
19452.7	0.000275036
19767.4	0.000260046
20087.1	0.00024603
20412	0.000232631
20742.1	0.000219967
21077.6	0.000208002
21418.5	0.000196696
21765	0.000186012
22117	0.000175914
22474.7	0.00016637
22838.2	0.00015735
23207.6	0.000148825
23583	0.000140766
23964.4	0.000133148
24352	0.000125947
24745.9	0.000119139
25146.1	0.000112704
25552.9	0.000106619
25966.2	0.000100865
26386.1	9.54246e-05
26812.9	9.0281e-05
27246.6	8.54172e-05
27687.3	8.08177e-05
28135.1	7.64676e-05
28590.2	7.23543e-05
29052.6	6.84636e-05
29522.5	6.47838e-05
30000	6.13035e-05
