10	259178
10.1617	246930
10.3261	235264
10.4931	223744
10.6628	212484
10.8353	207607
11.0106	205041
11.1886	215546
11.3696	229447
11.5535	244738
11.7404	261046
11.9303	278175
12.1232	295096
12.3193	297738
12.5186	300401
12.721	297797
12.9268	291708
13.1359	285742
13.3483	279897
13.5642	274009
13.7836	267387
14.0066	260925
14.2331	254622
14.4633	248467
14.6973	242464
14.935	236604
15.1765	228465
15.422	219094
15.6714	210106
15.9249	201487
16.1825	193222
16.4442	185295
16.7102	177695
16.9805	170406
17.2551	163415
17.5342	156711
17.8178	150283
18.106	144118
18.3989	138207
18.6964	131620
18.9988	124747
19.3061	118233
19.6184	112060
19.9357	106209
20.2582	100664
20.5858	95406.9
20.9188	90425.6
21.2571	85703.6
21.6009	81228.4
21.9503	76987.2
22.3053	72966.9
22.6661	68595.4
23.0327	63931.7
23.4053	59585.8
23.7838	55534.2
24.1685	51758.8
24.5594	48239.8
24.9566	44959.9
25.3603	41903.5
25.7705	39054.8
26.1873	36399.5
26.6109	33924.9
27.0413	31618.4
27.4786	29468.6
27.9231	27465.3
28.3747	25629.8
28.8337	23942.6
29.3	22366.2
29.7739	20893.7
30.2555	19518.1
30.7449	18233.2
31.2421	17067.1
31.7475	16007.5
32.2609	15013.3
32.7827	14081
33.313	13206.7
33.8518	12386.7
34.3993	11617.4
34.9557	10887.8
35.5211	10185.3
36.0956	9528.24
36.6794	8913.47
37.2727	8338.45
37.8755	7911.62
38.4882	7562.99
39.1107	7229.71
39.7433	6911.08
40.3861	6606.55
41.0393	6513.99
41.7031	6440.8
42.3776	6368.43
43.063	6340.08
43.7595	6423.83
44.4673	6508.68
45.1865	6625.07
45.9174	7057.4
46.66	9356.89
47.4147	13995.7
48.1816	20934.4
48.9609	31313
49.7528	46835.7
50.5576	31694.6
51.3753	18198
52.2062	10448.7
53.0506	8416.16
53.9087	8381.28
54.7806	8705
55.6667	11499.3
56.567	15190.9
57.482	14402.4
58.4117	12768.1
59.3564	12246.5
60.3165	14230.7
61.2921	16536.5
62.2834	19216.1
63.2908	22329.6
64.3145	25947.7
65.3547	29793.7
66.4118	33889.4
67.4859	38548.9
68.5775	43848.1
69.6867	49876.1
70.8138	55312.2
71.9592	59290.5
73.123	63554.5
74.3057	68125.2
75.5076	72619.6
76.7289	76944.4
77.9699	81526.6
79.231	86381.6
80.5125	91525.9
81.8147	94264.1
83.138	96956.1
84.4827	99724.9
85.8492	102573
87.2377	104671
88.6487	106417
90.0825	108192
91.5395	109996
93.0201	109994
94.5247	109873
96.0535	109751
97.6071	108090
99.1858	106285
100.79	104509
102.42	100639
104.077	96899.4
105.76	93298.5
107.471	89832
109.209	86493.6
110.975	80122.7
112.77	73118.1
114.594	66725.5
116.448	60893.4
118.331	55568.8
120.245	50710.8
122.19	46277.7
124.166	42231.5
126.175	38540.2
128.215	35169.8
130.289	31988
132.397	28777.7
134.538	25888.4
136.714	23289.5
138.925	20951.4
141.172	18848.3
143.456	16956.6
145.776	15254.3
148.134	13723.1
150.53	12345.5
152.964	11105.9
155.439	9618.94
157.953	8262.73
160.507	7095.1
163.103	6090.03
165.742	5435.83
168.422	5071.37
171.146	4820.98
173.915	4631.7
176.727	4483.42
179.586	4419.61
182.491	4356.71
185.442	4368.74
188.442	4400.5
191.49	4492.02
194.587	4609.58
197.734	4730.27
200.932	4854.48
204.182	4982.62
207.485	5114.09
210.84	5249.14
214.251	5387.63
217.716	5529.85
221.237	5675.84
224.816	5825.6
228.452	5968.74
232.147	6096.9
235.902	6227.78
239.717	6361.53
243.595	6498.06
247.535	6637.56
251.538	6780.11
255.607	6925.64
259.741	7019.11
263.942	7093.61
268.211	7168.91
272.549	7245.03
276.957	7321.95
281.437	7399.66
285.989	7478.2
290.615	7479.47
295.315	7478.83
300.092	7478.18
304.945	7443.42
309.878	7384.75
314.89	7326.54
319.983	7268.8
325.158	7211.52
330.418	7154.67
335.762	7098.28
341.192	7033.29
346.711	6916.19
352.319	6801.04
358.017	6687.81
363.808	6576.45
369.692	6466.96
375.672	6359.29
381.748	6253.41
387.922	6149.3
394.197	6046.91
400.573	5944.48
407.052	5815.76
413.635	5689.83
420.326	5566.62
427.124	5446.09
434.032	5328.16
441.052	5212.79
448.186	5099.91
455.435	4989.48
462.802	4881.44
470.287	4764.23
477.894	4639.91
485.623	4518.83
493.478	4400.91
501.459	4286.07
509.57	4174.23
517.812	4065.02
526.187	3958.49
534.698	3854.76
543.346	3753.74
552.134	3655.36
561.065	3559.58
570.14	3466.29
579.361	3383.92
588.732	3306.08
598.254	3230.13
607.93	3155.91
617.763	3083.41
627.755	21219.9
637.909	20299.3
648.226	19418.7
658.711	18576.2
669.365	17769.8
680.191	17045.1
691.193	16385.7
702.372	15766.5
713.733	15172.6
725.277	14602.5
737.008	14052.9
748.928	13524.4
761.042	13016.8
773.351	12533.9
785.859	12089.7
798.57	11677.9
811.486	11280.7
824.611	10896.6
837.949	10525.3
851.502	10312.1
865.274	10263.6
879.269	10360.8
893.491	10459.2
907.942	10558.7
922.628	10659.3
937.551	10437.6
952.715	10141.5
968.124	9787.22
983.783	9444.96
999.695	9116.82
1015.86	8802.24
1032.29	8517.11
1048.99	8247.39
1065.96	7992.57
1083.2	7745.66
1100.72	7506.4
1118.52	7274.46
1136.61	7049.71
1155	6831.92
1173.68	6620.79
1192.66	6416.26
1211.95	6218.02
1231.55	6025.91
1251.47	5831.7
1271.72	5635.29
1292.28	5435.27
1313.19	5242.37
1334.43	5056.31
1356.01	4876.83
1377.94	4703.67
1400.23	4536.72
1422.88	4375.72
1445.89	4220.38
1469.28	4070.22
1493.04	3924.83
1517.19	3782.53
1541.73	3645.09
1566.67	3512.65
1592.01	3384.99
1617.76	3261.98
1643.92	3143.47
1670.51	3029.21
1697.53	2919.11
1724.99	2813.05
1752.89	2709.83
1781.24	2610.09
1810.05	2513.81
1839.32	2421
1869.07	2331.63
1899.3	2245.58
1930.02	2162.7
1961.24	2082.9
1992.96	2006.07
2025.2	1932.75
2057.95	1860.87
2091.24	1791.54
2125.06	1724.67
2159.43	1660.23
2194.36	1598.09
2229.85	1538.11
2265.92	1480.34
2302.57	1424.65
2339.81	1370.92
2377.66	1319.15
2416.11	1269.21
2455.19	1221.12
2494.9	1174.72
2535.26	1130.03
2576.26	1086.92
2617.93	1045.38
2660.27	1005.33
2703.3	966.798
2747.03	929.62
2791.46	893.792
2836.61	859.27
2882.49	825.992
2929.11	793.93
2976.48	763.032
3024.63	733.276
3073.55	704.598
3123.26	676.961
3173.78	650.345
3225.11	624.7
3277.27	599.993
3330.28	576.193
3384.15	553.27
3438.88	531.186
3494.5	509.915
3551.02	489.43
3608.46	469.697
3666.82	450.691
3726.13	432.394
3786.4	414.765
3847.64	397.791
3909.87	381.453
3973.11	365.717
4037.37	350.567
4102.68	335.98
4169.03	321.935
4236.46	308.414
4304.99	295.407
4374.62	282.877
4445.37	270.814
4517.27	259.212
4590.34	777.766
4664.58	745.74
4740.03	715.034
4816.69	685.595
4894.6	896.695
4973.77	859.437
5054.21	823.74
5135.96	789.518
5219.03	879.148
5303.44	844.466
5389.22	811.029
5476.39	778.831
5564.97	747.816
5654.98	717.937
5746.44	689.17
5839.38	661.479
5933.83	634.828
6029.81	609.19
6127.33	584.514
6226.44	560.786
6327.15	537.968
6429.48	516.027
6533.48	494.937
6639.15	474.664
6746.53	455.184
6855.65	436.467
6966.54	418.483
7079.22	401.205
7193.72	384.617
7310.07	368.68
7428.31	353.382
7548.45	338.7
7670.54	324.603
7794.61	311.072
7920.68	298.088
8048.79	285.62
8178.97	273.659
8311.26	262.194
8445.69	251.191
8582.29	240.627
8721.11	230.506
8862.16	220.799
9005.5	211.49
9151.16	202.553
9299.17	193.997
9449.58	185.79
9602.42	177.924
9757.73	170.381
9915.55	163.15
10075.9	156.222
10238.9	149.584
10404.5	143.222
10572.8	137.125
10743.8	131.284
10917.6	125.688
11094.2	120.326
11273.6	115.189
11455.9	110.268
11641.2	105.554
11829.5	101.039
12020.8	96.7147
12215.3	92.5737
12412.9	88.6063
12613.6	84.8077
12817.6	81.1696
13025	77.6867
13235.6	74.3502
13449.7	71.1563
13667.2	68.0977
13888.3	65.1696
14112.9	62.3658
14341.2	59.6819
14573.1	57.1116
14808.9	54.652
15048.4	52.2967
15291.8	50.0423
15539.1	47.8839
15790.4	45.8178
16045.8	43.8404
16305.4	41.9479
16569.1	40.136
16837.1	38.4017
17109.4	36.7419
17386.1	35.1531
17667.4	33.633
17953.1	32.1776
18243.5	30.7849
18538.6	29.452
18838.4	28.1763
19143.1	26.9553
19452.7	25.787
19767.4	24.669
20087.1	23.5991
20412	22.575
20742.1	21.595
21077.6	20.6573
21418.5	19.7601
21765	18.9015
22117	18.0796
22474.7	17.2933
22838.2	16.5408
23207.6	15.8208
23583	15.1319
23964.4	14.4726
24352	13.8417
24745.9	13.2381
25146.1	12.6605
25552.9	12.1078
25966.2	11.5789
26386.1	11.0727
26812.9	10.5885
27246.6	10.1252
27687.3	9.68182
28135.1	9.25756
28590.2	8.85165
29052.6	8.46323
29522.5	8.09156
30000	7.73595
