10	79246.9
10.1617	74651.8
10.3261	70324.6
10.4931	66247.2
10.6628	62406.1
10.8353	58459.1
11.0106	51586.2
11.1886	44454.5
11.3696	32014.7
11.5535	23536.3
11.7404	20545.2
11.9303	18820
12.1232	17342
12.3193	15985.6
12.5186	14923.3
12.721	14155.5
12.9268	13427.5
13.1359	12738.2
13.3483	12090
13.5642	11475
13.7836	11008
14.0066	10592.4
14.2331	10199
14.4633	9836.11
14.6973	9624.26
14.935	9505.68
15.1765	9565.99
15.422	9752.71
15.6714	10101.1
15.9249	10491.7
16.1825	11088.6
16.4442	15414.5
16.7102	23747.6
16.9805	32205
17.2551	37894.3
17.5342	40158.7
17.8178	39935.5
18.106	39623.5
18.3989	39158.9
18.6964	38340.6
18.9988	37124.6
19.3061	36132.7
19.6184	35222.3
19.9357	33613.1
20.2582	31974.1
20.5858	31226.4
20.9188	30501.2
21.2571	29792.6
21.6009	29437.7
21.9503	29577
22.3053	29717.2
22.6661	30149
23.0327	31085.3
23.4053	32050.3
23.7838	33045.8
24.1685	34204.9
24.5594	35450.9
24.9566	36742.6
25.3603	38080.9
25.7705	39330.5
26.1873	41134.9
26.6109	43152.3
27.0413	45268.9
27.4786	46707.8
27.9231	48135
28.3747	49606.4
28.8337	51686.6
29.3	54131.6
29.7739	56212.1
30.2555	57589.4
30.7449	59000.4
31.2421	60531.2
31.7475	62619.2
32.2609	64780.3
32.7827	67015.5
33.313	69321
33.8518	71678.5
34.3993	73208.6
34.9557	74771.2
35.5211	76367.1
36.0956	77997.2
36.6794	79662.1
37.2727	81362.3
37.8755	83099.2
38.4882	84872.5
39.1107	86684.1
39.7433	88255
40.3861	89654.5
41.0393	91077
41.7031	92521
42.3776	93988.7
43.063	95479.8
43.7595	96994.3
44.4673	98532.6
45.1865	99540.1
45.9174	100452
46.66	101373
47.4147	102302
48.1816	103240
48.9609	104111
49.7528	104576
50.5576	105043
51.3753	105511
52.2062	105983
53.0506	106455
53.9087	106869
54.7806	107218
55.6667	107568
56.567	107920
57.482	108273
58.4117	108627
59.3564	108459
60.3165	107598
61.2921	106743
62.2834	105896
63.2908	105055
64.3145	104732
65.3547	104940
66.4118	105149
67.4859	105358
68.5775	103899
69.6867	102269
70.8138	100739
71.9592	100740
73.123	100740
74.3057	100740
75.5076	102014
76.7289	104073
77.9699	106175
79.231	108319
80.5125	109295
81.8147	108951
83.138	108609
84.4827	108267
85.8492	105272
87.2377	101198
88.6487	97281.5
90.0825	93516.4
91.5395	89897.2
93.0201	86417.8
94.5247	83015.2
96.0535	76437.4
97.6071	70380.4
99.1858	64803.5
100.79	59668
102.42	54939.7
104.077	50586.9
105.76	46577.9
107.471	42887.6
109.209	39487.8
110.975	36158.8
112.77	33111.1
114.594	30320.1
116.448	27765
118.331	25424.3
120.245	23281.3
122.19	21319
124.166	19521.8
126.175	17876.7
128.215	16369.5
130.289	14989.7
132.397	13260.2
134.538	11190.4
136.714	9443.83
138.925	7969.78
141.172	6841.49
143.456	6068.85
145.776	5405.05
148.134	4890.5
150.53	4542.58
152.964	4346.41
155.439	4273.39
157.953	4285.31
160.507	4310.7
163.103	4371.87
165.742	4433.86
168.422	4499.6
171.146	4597.82
173.915	4698.13
176.727	4800.75
179.586	4905.51
182.491	5025.37
185.442	5149.29
188.442	5276.17
191.49	5406.29
194.587	5539.5
197.734	5670.04
200.932	5800.25
204.182	5933.45
207.485	6069.66
210.84	6209.12
214.251	6351.65
217.716	6497.54
221.237	6595.8
224.816	6687.22
228.452	6779.96
232.147	6873.99
235.902	6969.3
239.717	7065.96
243.595	7163.9
247.535	7212.88
251.538	7254.72
255.607	7296.77
259.741	7339.08
263.942	7381.62
268.211	7424.42
272.549	7447.43
276.957	7398.62
281.437	7350.12
285.989	7301.95
290.615	7254.08
295.315	7206.56
300.092	7159.32
304.945	7076.89
309.878	6942.85
314.89	6811.35
319.983	6682.33
325.158	6555.77
330.418	6431.6
335.762	6291.73
341.192	6147.42
346.711	6006.43
352.319	5868.66
358.017	5734.06
363.808	5602.54
369.692	5467.09
375.672	5330.86
381.748	5198.03
387.922	5068.5
394.197	4942.21
400.573	4830.22
407.052	4749.42
413.635	4669.98
420.326	4591.85
427.124	4559.07
434.032	4573.05
441.052	4587.06
448.186	3673.44
455.435	5315.52
462.802	7691.33
470.287	9755.17
477.894	11748.4
485.623	14149.3
493.478	15489
501.459	16317.7
509.57	16692.9
517.812	17076.8
526.187	17229.5
534.698	17105.9
543.346	16983.1
552.134	16640.1
561.065	16253.8
570.14	15876.4
579.361	15507.8
588.732	15186.2
598.254	14921.8
607.93	14661.9
617.763	14406.5
627.755	14074.6
637.909	13647.6
648.226	13528.8
658.711	13997.7
669.365	14482.8
680.191	14984.9
691.193	15320.2
702.372	14924.1
713.733	14538.1
725.277	14162.2
737.008	13715.3
748.928	13259.8
761.042	12819.6
773.351	12424
785.859	12197.5
798.57	11975.2
811.486	11756.9
824.611	11542.6
837.949	11231.1
851.502	10925.8
865.274	10628.8
879.269	10339.9
893.491	10008.8
907.942	9675.15
922.628	9352.53
937.551	9041.93
952.715	8741.99
968.124	8452.29
983.783	8172.23
999.695	7899.29
1015.86	7633.33
1032.29	7356.16
1048.99	7088.88
1065.96	6831.27
1083.2	6583.01
1100.72	6343.75
1118.52	6113.18
1136.61	5891.03
1155	5676.95
1173.68	5470.59
1192.66	5271.8
1211.95	5080.21
1231.55	4895.58
1251.47	4717.63
1271.72	4546.19
1292.28	4380.98
1313.19	4221.8
1334.43	4068.4
1356.01	3920.53
1377.94	3778.04
1400.23	3640.73
1422.88	3508.41
1445.89	3380.9
1469.28	3258.03
1493.04	3139.6
1517.19	3025.45
1541.73	2915.4
1566.67	2809.35
1592.01	2707.18
1617.76	2608.71
1643.92	2513.83
1670.51	2422.37
1697.53	2334.25
1724.99	2249.32
1752.89	2166.33
1781.24	2085.97
1810.05	2008.24
1839.32	1933.44
1869.07	1861.44
1899.3	1792.14
1930.02	1725.39
1961.24	1661.13
1992.96	1599.27
2025.2	1540.32
2057.95	1482.37
2091.24	1426.42
2125.06	1372.46
2159.43	1320.4
2194.36	1270.27
2229.85	1221.89
2265.92	1175.23
2302.57	1130.28
2339.81	1086.9
2377.66	1045.15
2416.11	1004.87
2455.19	966.065
2494.9	928.667
2535.26	892.623
2576.26	857.887
2617.93	824.429
2660.27	792.182
2703.3	761.119
2747.03	731.201
2791.46	702.373
2836.61	674.609
2882.49	647.862
2929.11	622.106
2976.48	597.292
3024.63	573.404
3073.55	550.401
3123.26	528.239
3173.78	506.908
3225.11	486.371
3277.27	466.597
3330.28	447.558
3384.15	429.23
3438.88	411.592
3494.5	394.608
3551.02	378.266
3608.46	362.532
3666.82	347.39
3726.13	332.823
3786.4	1010.23
3847.64	970.074
3909.87	931.488
3973.11	1227.8
4037.37	1177.75
4102.68	1129.74
4169.03	1083.74
4236.46	1039.64
4304.99	1151.06
4374.62	1106.29
4445.37	1063.09
4517.27	1021.43
4590.34	981.252
4664.58	942.513
4740.03	905.177
4816.69	869.198
4894.6	834.557
4973.77	801.182
5054.21	769.047
5135.96	738.119
5219.03	708.352
5303.44	679.706
5389.22	652.147
5476.39	625.646
5564.97	600.164
5654.98	575.653
5746.44	552.098
5839.38	529.459
5933.83	507.7
6029.81	486.793
6127.33	466.707
6226.44	447.42
6327.15	428.893
6429.48	411.103
6533.48	394.024
6639.15	377.623
6746.53	361.882
6855.65	346.774
6966.54	332.275
7079.22	318.36
7193.72	305.008
7310.07	292.206
7428.31	279.927
7548.45	268.143
7670.54	256.841
7794.61	246.006
7920.68	235.614
8048.79	225.654
8178.97	216.104
8311.26	206.946
8445.69	198.163
8582.29	189.756
8721.11	181.689
8862.16	173.96
9005.5	166.555
9151.16	159.462
9299.17	152.666
9449.58	146.152
9602.42	139.906
9757.73	133.928
9915.55	128.209
10075.9	122.723
10238.9	117.469
10404.5	112.436
10572.8	107.616
10743.8	103
10917.6	98.58
11094.2	94.347
11273.6	90.2929
11455.9	86.4112
11641.2	82.6951
11829.5	79.137
12020.8	75.7302
12215.3	72.4697
12412.9	69.3468
12613.6	66.3581
12817.6	63.4968
13025	60.7587
13235.6	58.1364
13449.7	55.6271
13667.2	53.2246
13888.3	50.9259
14112.9	48.7251
14341.2	46.6192
14573.1	44.6031
14808.9	42.6744
15048.4	40.8281
15291.8	39.061
15539.1	37.37
15790.4	35.7516
16045.8	34.203
16305.4	32.7214
16569.1	31.3032
16837.1	29.9463
17109.4	28.6475
17386.1	27.405
17667.4	26.2161
17953.1	25.0783
18243.5	23.9896
18538.6	22.948
18838.4	21.9511
19143.1	20.9974
19452.7	20.0848
19767.4	19.2118
20087.1	18.3764
20412	17.577
20742.1	16.812
21077.6	16.0802
21418.5	15.38
21765	14.7102
22117	14.0691
22474.7	13.4558
22838.2	12.869
23207.6	12.3076
23583	11.7705
23964.4	11.2565
24352	10.7648
24745.9	10.2943
25146.1	9.84421
25552.9	9.41352
25966.2	9.00146
26386.1	8.60715
26812.9	8.22997
27246.6	7.86909
27687.3	7.52379
28135.1	45.2888
28590.2	43.4685
29052.6	41.7148
29522.5	40.0261
30000	38.4005
