10	39175.8
10.1617	37897.5
10.3261	36661.3
10.4931	35465.1
10.6628	34307.9
10.8353	33188.6
11.0106	32106.1
11.1886	31058.2
11.3696	30044.9
11.5535	29064.6
11.7404	28116.2
11.9303	27042.6
12.1232	26009.7
12.3193	25016.7
12.5186	24061.5
12.721	23131.9
12.9268	22223.4
13.1359	21350.5
13.3483	20511.7
13.5642	19706
13.7836	18858.3
14.0066	18023
14.2331	17224.5
14.4633	16461.4
14.6973	15635
14.935	14757.7
15.1765	13929.5
15.422	13148.1
15.6714	12525.8
15.9249	11953.2
16.1825	11406.8
16.4442	10861
16.7102	10227.8
16.9805	9631.56
17.2551	9070
17.5342	8766.03
17.8178	8504
18.106	8249.83
18.3989	8479.96
18.6964	9246.64
18.9988	10144.6
19.3061	12657.3
19.6184	18494.5
19.9357	24926.2
20.2582	33134.2
20.5858	44048.7
20.9188	58553.6
21.2571	77840.6
21.6009	103478
21.9503	137555
22.3053	182858
22.6661	214802
23.0327	227261
23.4053	232359
23.7838	236090
24.1685	239880
24.5594	234154
24.9566	226146
25.3603	221761
25.7705	217969
26.1873	214242
26.6109	210578
27.0413	206978
27.4786	199515
27.9231	190578
28.3747	182039
28.8337	173884
29.3	166094
29.7739	157417
30.2555	147888
30.7449	138935
31.2421	130524
31.7475	122623
32.2609	115837
32.7827	108579
33.313	100705
33.8518	93401.5
34.3993	86626.9
34.9557	80344.3
35.5211	74517.2
36.0956	69112.6
36.6794	64099.9
37.2727	59451.1
37.8755	55139.1
38.4882	51140.3
39.1107	47431.3
39.7433	43990.9
40.3861	40800.6
41.0393	37841.4
41.7031	35127.4
42.3776	32690.7
43.063	30423
43.7595	28312.7
44.4673	26348.8
45.1865	24521
45.9174	22820.2
46.66	21237.1
47.4147	19764
48.1816	18393.1
48.9609	17117.2
49.7528	15929.8
50.5576	14824.9
51.3753	13796.6
52.2062	12839.5
53.0506	11948.9
53.9087	11120.1
54.7806	10348.7
55.6667	9630.86
56.567	8962.79
57.482	8341.12
58.4117	7762.49
59.3564	7418.09
60.3165	7235.29
61.2921	7056.96
62.2834	6883.06
63.2908	6713.44
64.3145	6547.99
65.3547	6402.93
66.4118	6264.61
67.4859	6129.26
68.5775	5996.85
69.6867	5975.21
70.8138	6009.68
71.9592	6044.36
73.123	6079.27
74.3057	6114.31
75.5076	6149.58
76.7289	6227.74
77.9699	6363.05
79.231	6501.31
80.5125	6642.58
81.8147	6786.9
83.138	6986.98
84.4827	7268.3
85.8492	7560.92
87.2377	7865.34
88.6487	8182
90.0825	8511.44
91.5395	9066.24
93.0201	10264.9
94.5247	11622
96.0535	13244.8
97.6071	14930.3
99.1858	16677.7
100.79	24889.9
102.42	19140.7
104.077	18393.1
105.76	24509.6
107.471	28536.5
109.209	32715.6
110.975	46843.7
112.77	77445.9
114.594	155530
116.448	255511
118.331	270980
120.245	215077
122.19	181946
124.166	159035
126.175	139756
128.215	122212
130.289	106876
132.397	90484.6
134.538	72249
136.714	62506.6
138.925	54077
141.172	44962.1
143.456	37227.3
145.776	31444.1
148.134	26641.3
150.53	22571.8
152.964	19123
155.439	16202.9
157.953	13727.8
160.507	11631.8
163.103	9891.65
165.742	8412.33
168.422	7153.54
171.146	6065.62
173.915	5130.26
176.727	4354.97
179.586	3783.19
182.491	3457.55
185.442	3243.06
188.442	3136.2
191.49	3067.35
194.587	3091.23
197.734	3124.33
200.932	3172.53
204.182	3242.9
207.485	3375.77
210.84	3540.05
214.251	3736.86
217.716	3944.69
221.237	4164.08
224.816	4338.57
228.452	4509.58
232.147	4687.31
235.902	4872.04
239.717	5064.09
243.595	5263.63
247.535	5441.22
251.538	5601.48
255.607	5766.37
259.741	5936.16
263.942	6110.94
268.211	6290.86
272.549	6476.1
276.957	6648.73
281.437	6720.4
285.989	6792.83
290.615	6866.05
295.315	6940.09
300.092	7014.88
304.945	7090.53
309.878	7166.93
314.89	7196.04
319.983	7188.8
325.158	7181.56
330.418	7174.31
335.762	7167.09
341.192	7159.88
346.711	7152.66
352.319	7145.45
358.017	7129.19
363.808	7079.12
369.692	7029.4
375.672	6980.04
381.748	6931.03
387.922	6882.36
394.197	6834.02
400.573	6786.02
407.052	6737.39
413.635	6673.08
420.326	6609.39
427.124	6546.3
434.032	6483.83
441.052	6421.94
448.186	6360.64
455.435	6299.93
462.802	6226.73
470.287	6107.39
477.894	5990.34
485.623	5875.53
493.478	5762.92
501.459	5652.47
509.57	5544.13
517.812	5408.32
526.187	5269.8
534.698	5134.84
543.346	5003.32
552.134	4875.17
561.065	4750.31
570.14	4628.64
579.361	4493.33
588.732	4358.22
598.254	4227.16
607.93	4100.05
617.763	3976.76
627.755	3857.18
637.909	3747.14
648.226	3648.18
658.711	3551.84
669.365	3458.03
680.191	3366.71
691.193	3277.8
702.372	3188.82
713.733	3087.13
725.277	2988.67
737.008	2893.36
748.928	2801.09
761.042	2711.77
773.351	2625.28
785.859	2541.56
798.57	2460.51
811.486	2382.04
824.611	2306.08
837.949	12683.2
851.502	12147.4
865.274	11634.2
879.269	11142.8
893.491	10672.1
907.942	10221.2
922.628	9789.45
937.551	9375.92
952.715	8979.85
968.124	8738.94
983.783	8560.96
999.695	8386.57
1015.86	8215.71
1032.29	8048.38
1048.99	7884.42
1065.96	7736.48
1083.2	7609.42
1100.72	7484.42
1118.52	7361.53
1136.61	7240.62
1155	7121.73
1173.68	7004.81
1192.66	6889.74
1211.95	6776.58
1231.55	6665.31
1251.47	6536.49
1271.72	6389.33
1292.28	6220.34
1313.19	6055.81
1334.43	5895.61
1356.01	5739.61
1377.94	5587.79
1400.23	5440.02
1422.88	5296.12
1445.89	5156.02
1469.28	5015.39
1493.04	4872.22
1517.19	4707.12
1541.73	4544.14
1566.67	4386.88
1592.01	4234.99
1617.76	4088.34
1643.92	3946.75
1670.51	3810.09
1697.53	3678.2
1724.99	3550.91
1752.89	3426.37
1781.24	3305.67
1810.05	3188.82
1839.32	3076.14
1869.07	2967.46
1899.3	2862.58
1930.02	2761.42
1961.24	2663.85
1992.96	2569.66
2025.2	2479.9
2057.95	2391.43
2091.24	2305.87
2125.06	2223.25
2159.43	2143.35
2194.36	2066.18
2229.85	1991.65
2265.92	1919.64
2302.57	1850.05
2339.81	1782.86
2377.66	1717.97
2416.11	1655.29
2455.19	1594.75
2494.9	1536.38
2535.26	1479.91
2576.26	1425.4
2617.93	1372.71
2660.27	1321.89
2703.3	1272.82
2747.03	1225.49
2791.46	1179.81
2836.61	1135.69
2882.49	1093.01
2929.11	1051.92
2976.48	1012.25
3024.63	973.916
3073.55	936.951
3123.26	901.265
3173.78	866.84
3225.11	833.624
3277.27	801.573
3330.28	770.639
3384.15	740.802
3438.88	712.021
3494.5	684.25
3551.02	657.465
3608.46	631.625
3666.82	606.707
3726.13	582.675
3786.4	559.495
3847.64	537.136
3909.87	515.584
3973.11	494.802
4037.37	474.76
4102.68	455.435
4169.03	436.803
4236.46	418.855
4304.99	401.54
4374.62	384.859
4445.37	368.771
4517.27	353.277
4590.34	338.346
4664.58	323.951
4740.03	310.088
4816.69	296.728
4894.6	283.867
4973.77	271.464
5054.21	259.519
5135.96	248.015
5219.03	236.943
5303.44	226.274
5389.22	216.001
5476.39	206.14
5564.97	611.689
5654.98	584.682
5746.44	558.865
5839.38	534.189
5933.83	702.665
6029.81	672.406
6127.33	643.444
6226.44	615.728
6327.15	677.62
6429.48	651.21
6533.48	625.707
6639.15	601.119
6746.53	577.408
6855.65	554.549
6966.54	532.522
7079.22	511.29
7193.72	490.843
7310.07	471.145
7428.31	452.187
7548.45	433.937
7670.54	416.379
7794.61	399.48
7920.68	383.227
8048.79	367.594
8178.97	352.562
8311.26	338.114
8445.69	324.225
8582.29	310.876
8721.11	298.048
8862.16	285.721
9005.5	273.883
9151.16	262.517
9299.17	251.602
9449.58	241.116
9602.42	231.055
9757.73	221.399
9915.55	212.13
10075.9	203.233
10238.9	194.698
10404.5	186.509
10572.8	178.653
10743.8	171.117
10917.6	163.891
11094.2	156.961
11273.6	150.314
11455.9	143.941
11641.2	137.832
11829.5	131.977
12020.8	126.363
12215.3	120.984
12412.9	115.827
12613.6	110.886
12817.6	106.151
13025	101.616
13235.6	97.2684
13449.7	93.1049
13667.2	89.1157
13888.3	85.2953
14112.9	81.6353
14341.2	78.1306
14573.1	74.7731
14808.9	71.5592
15048.4	68.4806
15291.8	65.5329
15539.1	62.7103
15790.4	60.0078
16045.8	57.4206
16305.4	54.9442
16569.1	52.5729
16837.1	50.3031
17109.4	48.1303
17386.1	46.0503
17667.4	44.0601
17953.1	42.1546
18243.5	40.3312
18538.6	38.5862
18838.4	36.9159
19143.1	35.3176
19452.7	33.788
19767.4	32.3246
20087.1	30.9241
20412	29.5839
20742.1	28.3014
21077.6	27.0745
21418.5	25.9005
21765	24.7775
22117	23.7029
22474.7	22.6747
22838.2	21.691
23207.6	20.7499
23583	19.8497
23964.4	18.9884
24352	18.1643
24745.9	17.3761
25146.1	16.6222
25552.9	15.9008
25966.2	15.2108
26386.1	14.5506
26812.9	13.9192
27246.6	13.3152
27687.3	12.7374
28135.1	12.1848
28590.2	11.6561
29052.6	11.1504
29522.5	10.6667
30000	10.204
