10	144751
10.1617	145202
10.3261	145652
10.4931	146106
10.6628	146561
10.8353	147016
11.0106	147472
11.1886	147932
11.3696	148392
11.5535	148853
11.7404	149316
11.9303	149780
12.1232	150159
12.3193	150538
12.5186	150917
12.721	151299
12.9268	151680
13.1359	152063
13.3483	152448
13.5642	152833
13.7836	153218
14.0066	153604
14.2331	153993
14.4633	154381
14.6973	154771
14.935	155161
15.1765	155554
15.422	155946
15.6714	156340
15.9249	156734
16.1825	157130
16.4442	157527
16.7102	157774
16.9805	157367
17.2551	156963
17.5342	156558
17.8178	156155
18.106	155753
18.3989	155352
18.6964	154953
18.9988	154554
19.3061	152954
19.6184	151187
19.9357	149440
20.2582	147713
20.5858	146007
20.9188	144320
21.2571	142653
21.6009	141004
21.9503	139375
22.3053	137765
22.6661	135176
23.0327	132118
23.4053	129129
23.7838	126207
24.1685	123352
24.5594	120561
24.9566	117833
25.3603	115168
25.7705	112441
26.1873	109090
26.6109	105840
27.0413	102686
27.4786	99625.9
27.9231	96657.4
28.3747	93777.3
28.8337	90983.2
29.3	88274.9
29.7739	85658.2
30.2555	83119.2
30.7449	80655.4
31.2421	78264.3
31.7475	75944.7
32.2609	73693.2
32.7827	71508.6
33.313	69389
33.8518	67354.4
34.3993	65484.8
34.9557	63666.8
35.5211	61899.7
36.0956	60181.5
36.6794	58510.9
37.2727	56886.7
37.8755	54932.2
38.4882	53021.1
39.1107	51176.2
39.7433	49395.4
40.3861	47676.8
41.0393	46022.7
41.7031	44471.6
42.3776	42972.8
43.063	41524.5
43.7595	40299.6
44.4673	40288.8
45.1865	40277.9
45.9174	40267
46.66	45054.5
47.4147	52603.8
48.1816	61418.1
48.9609	71709.9
49.7528	95600.3
50.5576	126760
51.3753	133337
52.2062	138471
53.0506	136579
53.9087	133207
54.7806	126552
55.6667	120229
56.567	114196
57.482	108453
58.4117	102998
59.3564	97817.6
60.3165	93370.1
61.2921	89533.6
62.2834	85854.7
63.2908	82327.1
64.3145	78944.3
65.3547	75700.4
66.4118	72590.1
67.4859	69786
68.5775	67148.5
69.6867	64610.4
70.8138	62168.2
71.9592	59818.2
73.123	57557.2
74.3057	55718
75.5076	54231.3
76.7289	52784.3
77.9699	51375.9
79.231	50005.1
80.5125	48670.7
81.8147	47443.5
83.138	46415.2
84.4827	45409
85.8492	44424.7
87.2377	43461.8
88.6487	42519.7
90.0825	41597.9
91.5395	40696.3
93.0201	39814.1
94.5247	38951.1
96.0535	38106.8
97.6071	37730.8
99.1858	37402.2
100.79	37076.2
102.42	36753.3
104.077	36433.1
105.76	36115.7
107.471	35801
109.209	35489.1
110.975	35180
112.77	34887.2
114.594	34599.9
116.448	34314.9
118.331	34032.4
120.245	33752.1
122.19	33474.1
124.166	33198.5
126.175	32925
128.215	32654
130.289	32371.2
132.397	32030.8
134.538	31694.3
136.714	31361.1
138.925	31031.5
141.172	30705.3
143.456	30382.5
145.776	30063.2
148.134	29747.3
150.53	29332.4
152.964	28809.8
155.439	28296.7
157.953	27792.6
160.507	27297.5
163.103	26811.2
165.742	26333.7
168.422	25864.6
171.146	25403.8
173.915	24951.3
176.727	24499.6
179.586	24039
182.491	23587.1
185.442	23143.6
188.442	22708.5
191.49	22281.5
194.587	21862.7
197.734	21451.6
200.932	21042
204.182	20637.8
207.485	20241.5
210.84	19852.7
214.251	19471.4
217.716	19097.4
221.237	18730.7
224.816	18370.9
228.452	18018.1
232.147	17672
235.902	17332.7
239.717	16999.7
243.595	16560.9
247.535	16072.6
251.538	15598.6
255.607	15138.7
259.741	14692.3
263.942	14259
268.211	13838.6
272.549	13430.5
276.957	13034.5
281.437	12650.2
285.989	12277.1
290.615	11915.1
295.315	11543.6
300.092	11177
304.945	10822.1
309.878	10478.4
314.89	10145.7
319.983	9823.46
325.158	9511.5
330.418	9209.48
335.762	8917.01
341.192	8633.82
346.711	8359.66
352.319	8094.19
358.017	7836.35
363.808	7586.4
369.692	7344.43
375.672	7110.16
381.748	6883.39
387.922	6663.8
394.197	6451.27
400.573	6245.49
407.052	6046.28
413.635	5853.42
420.326	5659.55
427.124	5455.98
434.032	5259.73
441.052	5070.54
448.186	4888.18
455.435	4712.36
462.802	4542.88
470.287	4379.48
477.894	4221.97
485.623	4078.61
493.478	3944.88
501.459	3815.5
509.57	3690.4
517.812	3569.39
526.187	3452.34
534.698	3339.22
543.346	3232.18
552.134	3128.6
561.065	3025.73
570.14	2925.08
579.361	2828.22
588.732	2734.79
598.254	2644.57
607.93	2557.32
617.763	2472.96
627.755	2391.37
637.909	2312.48
648.226	19282.4
658.711	18626.4
669.365	17992.7
680.191	17380.6
691.193	16789.2
702.372	16218.1
713.733	15653.6
725.277	15098.8
737.008	14514.9
748.928	14284
761.042	14297.9
773.351	14311.7
785.859	14034.4
798.57	13528.3
811.486	13005.8
824.611	12503.6
837.949	12020.8
851.502	11568.4
865.274	11144.6
879.269	10746.5
893.491	10362.7
907.942	9992.69
922.628	9635.81
937.551	9283.36
952.715	8941.76
968.124	8610.98
983.783	8292.53
999.695	7985.4
1015.86	7689.21
1032.29	7400.71
1048.99	7120.57
1065.96	6848.45
1083.2	6586.59
1100.72	6334.78
1118.52	6092.59
1136.61	5859.72
1155	5635.77
1173.68	5420.31
1192.66	5213.12
1211.95	5013.86
1231.55	4822.19
1251.47	4636.76
1271.72	4457.38
1292.28	4283.58
1313.19	4116.53
1334.43	3955.99
1356.01	3801.7
1377.94	3653.4
1400.23	3510.91
1422.88	3374
1445.89	3242.42
1469.28	3115.64
1493.04	2993.25
1517.19	2873.56
1541.73	2758.37
1566.67	2647.82
1592.01	2541.75
1617.76	2439.9
1643.92	2342.06
1670.51	2248.2
1697.53	2158.12
1724.99	2071.67
1752.89	1987.06
1781.24	1905.38
1810.05	1826.67
1839.32	1751.21
1869.07	1678.9
1899.3	1609.6
1930.02	1543.14
1961.24	1479.41
1992.96	1418.28
2025.2	1360.4
2057.95	1303.61
2091.24	1249.06
2125.06	1196.64
2159.43	1146.41
2194.36	1098.22
2229.85	1051.93
2265.92	1007.53
2302.57	964.941
2339.81	924.094
2377.66	884.916
2416.11	847.353
2455.19	811.333
2494.9	776.81
2535.26	743.716
2576.26	711.989
2617.93	681.59
2660.27	652.455
2703.3	624.547
2747.03	597.804
2791.46	572.182
2836.61	547.641
2882.49	524.14
2929.11	501.627
2976.48	480.067
3024.63	459.425
3073.55	439.652
3123.26	420.726
3173.78	402.605
3225.11	385.26
3277.27	368.657
3330.28	352.765
3384.15	337.559
3438.88	322.998
3494.5	309.065
3551.02	295.732
3608.46	282.973
3666.82	270.765
3726.13	259.088
3786.4	247.911
3847.64	237.221
3909.87	226.998
3973.11	217.212
4037.37	207.848
4102.68	198.898
4169.03	190.332
4236.46	182.143
4304.99	174.306
4374.62	166.81
4445.37	159.647
4517.27	152.791
4590.34	146.233
4664.58	139.965
4740.03	133.969
4816.69	128.237
4894.6	122.754
4973.77	117.515
5054.21	112.496
5135.96	107.703
5219.03	103.119
5303.44	98.7356
5389.22	94.5437
5476.39	90.5359
5564.97	86.7036
5654.98	83.0385
5746.44	79.534
5839.38	76.1836
5933.83	72.9785
6029.81	69.9149
6127.33	66.9853
6226.44	64.184
6327.15	61.5047
6429.48	58.9421
6533.48	56.4922
6639.15	437.426
6746.53	420.59
6855.65	404.314
6966.54	388.579
7079.22	373.381
7193.72	358.699
7310.07	344.536
7428.31	330.867
7548.45	317.669
7670.54	304.952
7794.61	292.696
7920.68	280.882
8048.79	269.497
8178.97	258.537
8311.26	247.982
8445.69	237.827
8582.29	228.046
8721.11	218.636
8862.16	209.587
9005.5	200.891
9151.16	192.528
9299.17	184.484
9449.58	176.758
9602.42	169.333
9757.73	162.209
9915.55	155.356
10075.9	148.779
10238.9	142.467
10404.5	136.407
10572.8	130.592
10743.8	125.011
10917.6	119.658
11094.2	114.523
11273.6	109.596
11455.9	104.872
11641.2	100.343
11829.5	96.0014
12020.8	91.8383
12215.3	87.8506
12412.9	84.0264
12613.6	80.3643
12817.6	76.8544
13025	73.4938
13235.6	70.2725
13449.7	67.189
13667.2	64.2352
13888.3	61.4075
14112.9	58.6997
14341.2	56.1079
14573.1	53.6267
14808.9	51.2522
15048.4	48.9792
15291.8	46.8042
15539.1	44.7228
15790.4	42.7313
16045.8	40.8263
16305.4	39.0042
16569.1	37.2608
16837.1	35.5935
17109.4	33.9988
17386.1	32.4737
17667.4	31.0157
17953.1	29.6212
18243.5	28.2882
18538.6	27.0137
18838.4	25.7953
19143.1	24.6306
19452.7	23.5174
19767.4	22.4535
20087.1	21.4366
20412	20.4649
20742.1	19.5362
21077.6	18.6489
21418.5	17.8011
21765	16.9912
22117	16.2173
22474.7	15.478
22838.2	14.7718
23207.6	14.0973
23583	13.453
23964.4	12.8376
24352	12.2499
24745.9	11.6887
25146.1	11.1528
25552.9	10.641
25966.2	10.1523
26386.1	9.68556
26812.9	9.24004
27246.6	8.81472
27687.3	8.40866
28135.1	8.02098
28590.2	7.65094
29052.6	7.29771
29522.5	6.96054
30000	6.63871
