10	90111.4
10.1617	90271.9
10.3261	90432.1
10.4931	90592.9
10.6628	90754
10.8353	90914.9
11.0106	91076.3
11.1886	91239
11.3696	91502.3
11.5535	93610.8
11.7404	95767.8
11.9303	97975.1
12.1232	100234
12.3193	102544
12.5186	104907
12.721	107326
12.9268	109799
13.1359	112253
13.3483	114594
13.5642	116983
13.7836	119421
14.0066	121909
14.2331	124451
14.4633	127045
14.6973	129692
14.935	132396
15.1765	134995
15.422	137536
15.6714	140126
15.9249	142763
16.1825	145450
16.4442	148189
16.7102	150979
16.9805	153749
17.2551	154764
17.5342	155786
17.8178	156814
18.106	157849
18.3989	158890
18.6964	159940
18.9988	160995
19.3061	161237
19.6184	159372
19.9357	157529
20.2582	155707
20.5858	153907
20.9188	152127
21.2571	150367
21.6009	147452
21.9503	143951
22.3053	140533
22.6661	137197
23.0327	133939
23.4053	130759
23.7838	127227
24.1685	122073
24.5594	117129
24.9566	112384
25.3603	107832
25.7705	103169
26.1873	95232.4
26.6109	87906.6
27.0413	81143.6
27.4786	74900.5
27.9231	69131.3
28.3747	63803.2
28.8337	58886.4
29.3	54347.8
29.7739	51971.4
30.2555	51133.9
30.7449	50309.8
31.2421	49499.1
31.7475	49084.4
32.2609	50309.4
32.7827	51564.7
33.313	52851.1
33.8518	54213.9
34.3993	57680.8
34.9557	61369
35.5211	65293.1
36.0956	70373.3
36.6794	76080.4
37.2727	82249.5
37.8755	88920.2
38.4882	96164.3
39.1107	104048
39.7433	112579
40.3861	121808
41.0393	129901
41.7031	133293
42.3776	136775
43.063	140346
43.7595	144012
44.4673	145233
45.1865	144362
45.9174	143495
46.66	141531
47.4147	137324
48.1816	133243
48.9609	129282
49.7528	122987
50.5576	116777
51.3753	110880
52.2062	105281
53.0506	99964.1
53.9087	94917.1
54.7806	90123.6
55.6667	84569.5
56.567	78968.1
57.482	73737.7
58.4117	68853.6
59.3564	64292.8
60.3165	60034.4
61.2921	56058.1
62.2834	52344.9
63.2908	48877.9
64.3145	45640.5
65.3547	42617.4
66.4118	39410.7
67.4859	36132.2
68.5775	33126.8
69.6867	30371.2
70.8138	27844.9
71.9592	25528.5
73.123	23405
74.3057	21458.1
75.5076	19673.2
76.7289	18036.8
77.9699	16536.4
79.231	15160.9
80.5125	13899.7
81.8147	12743.5
83.138	11695.1
84.4827	10734.3
85.8492	9852.38
87.2377	9042.92
88.6487	8299.99
90.0825	7618.04
91.5395	7006.11
93.0201	6622.55
94.5247	6259.99
96.0535	5917.25
97.6071	5593.28
99.1858	5296.42
100.79	5066.47
102.42	4846.47
104.077	4636.07
105.76	4434.79
107.471	4375.58
109.209	4350.72
110.975	4325.99
112.77	4332.01
114.594	4390.31
116.448	4449.36
118.331	4509.3
120.245	4569.96
122.19	4631.45
124.166	4693.26
126.175	4752.02
128.215	4811.59
130.289	4871.87
132.397	4932.85
134.538	4994.67
136.714	5057.26
138.925	5120.65
141.172	5201.6
143.456	5285.26
145.776	5370.3
148.134	5456.71
150.53	5544.5
152.964	5633.75
155.439	5711
157.953	5742.87
160.507	5774.93
163.103	5796.35
165.742	5798.06
168.422	5799.83
171.146	5791.7
173.915	5773.13
176.727	5754.67
179.586	5736.21
182.491	5715.97
185.442	5687.18
188.442	5658.51
191.49	5620.79
194.587	5562.67
197.734	5505.17
200.932	5448.19
204.182	5391.93
207.485	5393.5
210.84	5428.01
214.251	5495.72
217.716	5616.2
221.237	5740.83
224.816	5952.19
228.452	6420.61
232.147	7302.64
235.902	7833.95
239.717	8464.95
243.595	10441.5
247.535	12478
251.538	14373
255.607	16135.9
259.741	17807.6
263.942	19276.9
268.211	20114
272.549	20822
276.957	21424.9
281.437	21886.4
285.989	22366.3
290.615	22683.1
295.315	22811.6
300.092	22940.7
304.945	23296
309.878	23734.6
314.89	23826.4
319.983	23918.4
325.158	24010.8
330.418	24103.5
335.762	24343.4
341.192	24497.2
346.711	24504.3
352.319	24511.5
358.017	24518.8
363.808	24525.9
369.692	24533.2
375.672	24540.3
381.748	24547.5
387.922	24554.8
394.197	24456.2
400.573	24334.9
407.052	24214.1
413.635	23903.9
420.326	23587.7
427.124	23275.6
434.032	22967.7
441.052	22581.8
448.186	22157.9
455.435	21741.9
462.802	21333.8
470.287	20933.3
477.894	20540.4
485.623	20211.5
493.478	19893.9
501.459	19581.2
509.57	19272.3
517.812	18845.6
526.187	18428.2
534.698	18020.2
543.346	17621.1
552.134	17135.4
561.065	16562.9
570.14	16009.5
579.361	15474.7
588.732	14955.1
598.254	14444.2
607.93	13950.8
617.763	13474.3
627.755	13014.1
637.909	12576.9
648.226	12212.4
658.711	11858.4
669.365	11514.7
680.191	11180.9
691.193	10856.8
702.372	10542.1
713.733	10236.6
725.277	9939.86
737.008	9651.74
748.928	9372.03
761.042	9100.34
773.351	8836.62
785.859	8560.23
798.57	8273.44
811.486	7996.26
824.611	7699.84
837.949	7402.27
851.502	7116.17
865.274	6841.1
879.269	6576.73
893.491	6350.47
907.942	6143.94
922.628	5944.08
937.551	5686.4
952.715	5477.62
968.124	5276.54
983.783	5121.4
999.695	4973.07
1015.86	4800.94
1032.29	4629.86
1048.99	4463.36
1065.96	4301.2
1083.2	4144.95
1100.72	3994.38
1118.52	3849.29
1136.61	3709.42
1155	3574.68
1173.68	3444.84
1192.66	3319.67
1211.95	3199.05
1231.55	3082.82
1251.47	2970.15
1271.72	2860.85
1292.28	2754.62
1313.19	2652.35
1334.43	2553.89
1356.01	2459.09
1377.94	2367.8
1400.23	2279.89
1422.88	2195.23
1445.89	2113.74
1469.28	2035.07
1493.04	1958.99
1517.19	1884.4
1541.73	1812.47
1566.67	1743.28
1592.01	1676.74
1617.76	1612.73
1643.92	1551.11
1670.51	1491.91
1697.53	1434.97
1724.99	1380.19
1752.89	1327.04
1781.24	1275.79
1810.05	1226.42
1839.32	1178.91
1869.07	1133.25
1899.3	1089.39
1930.02	1047.25
1961.24	1006.73
1992.96	967.751
2025.2	930.621
2057.95	894.401
2091.24	859.558
2125.06	826.034
2159.43	793.786
2194.36	762.768
2229.85	732.936
2265.92	704.25
2302.57	676.658
2339.81	650.128
2377.66	624.62
2416.11	600.082
2455.19	576.496
2494.9	553.822
2535.26	1921.73
2576.26	1847.75
2617.93	1776.59
2660.27	2346.52
2703.3	2257.99
2747.03	2172.83
2791.46	2090.84
2836.61	2011.97
2882.49	2200.48
2929.11	2117.91
2976.48	2037.96
3024.63	1960.72
3073.55	1885.9
3123.26	1813.64
3173.78	1743.87
3225.11	1676.49
3277.27	1611.43
3330.28	1548.54
3384.15	1487.93
3438.88	1429.46
3494.5	1373.1
3551.02	1318.81
3608.46	1266.44
3666.82	1216.01
3726.13	1167.39
3786.4	1120.66
3847.64	1075.57
3909.87	1032.21
3973.11	990.49
4037.37	950.344
4102.68	911.725
4169.03	874.583
4236.46	838.88
4304.99	804.544
4374.62	771.543
4445.37	739.823
4517.27	709.355
4590.34	680.08
4664.58	651.949
4740.03	624.944
4816.69	599.006
4894.6	574.097
4973.77	550.185
5054.21	527.228
5135.96	505.198
5219.03	484.062
5303.44	463.768
5389.22	444.304
5476.39	425.631
5564.97	407.721
5654.98	390.54
5746.44	374.06
5839.38	358.256
5933.83	343.105
6029.81	328.577
6127.33	314.65
6226.44	301.3
6327.15	288.502
6429.48	276.233
6533.48	264.482
6639.15	253.218
6746.53	242.422
6855.65	232.075
6966.54	222.164
7079.22	212.669
7193.72	203.569
7310.07	194.856
7428.31	186.511
7548.45	178.517
7670.54	170.859
7794.61	163.528
7920.68	156.507
8048.79	149.78
8178.97	143.335
8311.26	137.171
8445.69	131.266
8582.29	125.609
8721.11	120.2
8862.16	115.023
9005.5	110.062
9151.16	105.309
9299.17	100.762
9449.58	96.4124
9602.42	92.2479
9757.73	88.2611
9915.55	84.446
10075.9	80.7937
10238.9	77.2991
10404.5	73.9538
10572.8	70.7525
10743.8	67.6888
10917.6	64.7573
11094.2	61.9517
11273.6	59.2667
11455.9	56.697
11641.2	54.2387
11829.5	51.8865
12020.8	49.6353
12215.3	47.4821
12412.9	45.4206
12613.6	43.4492
12817.6	41.5623
13025	39.7577
13235.6	38.0304
13449.7	36.3781
13667.2	34.797
13888.3	33.2849
14112.9	31.8376
14341.2	30.4533
14573.1	29.1285
14808.9	27.8617
15048.4	26.6493
15291.8	25.4895
15539.1	24.3799
15790.4	23.3183
16045.8	22.3028
16305.4	21.3314
16569.1	20.402
16837.1	19.5128
17109.4	18.6622
17386.1	17.8484
17667.4	17.0701
17953.1	16.3252
18243.5	15.6128
18538.6	14.9313
18838.4	14.2792
19143.1	13.6555
19452.7	13.0587
19767.4	12.4879
20087.1	80.5676
20412	77.3078
20742.1	74.1692
21077.6	71.148
21418.5	68.2405
21765	65.4435
22117	62.7526
22474.7	60.1649
22838.2	57.6769
23207.6	55.2853
23583	52.9869
23964.4	50.7781
24352	48.6561
24745.9	46.6182
25146.1	44.6609
25552.9	42.7814
25966.2	40.9771
26386.1	39.2447
26812.9	37.5826
27246.6	35.9874
27687.3	34.457
28135.1	32.9888
28590.2	31.5806
29052.6	30.23
29522.5	28.9348
30000	27.693
