10	2700.31
10.1617	2732.1
10.3261	2764.21
10.4931	2796.74
10.6628	2829.65
10.8353	2862.94
11.0106	2896.59
11.1886	2930.72
11.3696	2965.18
11.5535	3000.05
11.7404	3035.34
11.9303	3071.05
12.1232	3107.21
12.3193	3143.75
12.5186	3180.71
12.721	3218.18
12.9268	3256.02
13.1359	3294.31
13.3483	3333.1
13.5642	3372.31
13.7836	3388.09
14.0066	3395.72
14.2331	3403.4
14.4633	3411.09
14.6973	3418.77
14.935	3426.49
15.1765	3434.25
15.422	3441.99
15.6714	3435.15
15.9249	3424.84
16.1825	3414.54
16.4442	3404.3
16.7102	3394.06
16.9805	3383.86
17.2551	3373.7
17.5342	3363.57
17.8178	3345.39
18.106	3317.49
18.3989	3289.81
18.6964	3262.38
18.9988	3235.16
19.3061	3208.17
19.6184	3181.4
19.9357	3154.86
20.2582	3128.54
20.5858	3096.44
20.9188	3053.74
21.2571	3011.64
21.6009	2970.12
21.9503	2929.16
22.3053	2888.78
22.6661	2848.94
23.0327	2809.66
23.4053	2770.92
23.7838	2732.71
24.1685	2695.03
24.5594	2673.04
24.9566	2652.56
25.3603	2632.22
25.7705	2612.05
26.1873	2592.04
26.6109	2558.95
27.0413	2508.75
27.4786	2459.52
27.9231	2411.27
28.3747	2363.96
28.8337	2317.58
29.3	2272.11
29.7739	2227.53
30.2555	2183.83
30.7449	143611
31.2421	145500
31.7475	147412
32.2609	149350
32.7827	151314
33.313	153302
33.8518	155317
34.3993	157359
34.9557	159427
35.5211	161522
36.0956	163646
36.6794	165797
37.2727	167821
37.8755	169115
38.4882	170417
39.1107	171731
39.7433	173055
40.3861	174387
41.0393	175731
41.7031	177086
42.3776	178450
43.063	179826
43.7595	181211
44.4673	182608
45.1865	184015
45.9174	184876
46.66	185493
47.4147	186111
48.1816	186732
48.9609	187355
49.7528	187980
50.5576	188607
51.3753	189236
52.2062	189416
53.0506	189437
53.9087	189458
54.7806	189480
55.6667	189501
56.567	189522
57.482	189543
58.4117	189565
59.3564	189586
60.3165	189459
61.2921	189301
62.2834	189143
63.2908	188986
64.3145	188828
65.3547	188671
66.4118	188513
67.4859	188357
68.5775	188199
69.6867	187340
70.8138	185273
71.9592	183229
73.123	181207
74.3057	179207
75.5076	177230
76.7289	175274
77.9699	173340
79.231	171427
80.5125	169536
81.8147	167665
83.138	165815
84.4827	163985
85.8492	161853
87.2377	158882
88.6487	155965
90.0825	153102
91.5395	150292
93.0201	147533
94.5247	144825
96.0535	142167
97.6071	139557
99.1858	136996
100.79	133831
102.42	130300
104.077	126863
105.76	123515
107.471	120257
109.209	117084
110.975	113995
112.77	110988
114.594	108060
116.448	105209
118.331	102433
120.245	99730.8
122.19	97099.6
124.166	94512.9
126.175	91969.7
128.215	89494.5
130.289	87086.3
132.397	84743.2
134.538	82462.5
136.714	80243.3
138.925	78084
141.172	75982.7
143.456	73938.3
145.776	71948.4
148.134	70012.4
150.53	67804.4
152.964	65626.3
155.439	63519
157.953	61478.7
160.507	59503.8
163.103	57592.6
165.742	55743.2
168.422	53952.4
171.146	52219.6
173.915	50542.6
176.727	48919
179.586	47347.9
182.491	45827.2
185.442	44355.2
188.442	42930.7
191.49	41551.6
194.587	40217.1
197.734	38925.4
200.932	37560.6
204.182	36214.5
207.485	34916.7
210.84	33665.1
214.251	32458.8
217.716	31295.4
221.237	30173.8
224.816	29092.4
228.452	28049.8
232.147	27044.5
235.902	26075.3
239.717	25140.7
243.595	24239.7
247.535	23371
251.538	22533.3
255.607	21725.8
259.741	20947.2
263.942	20152.8
268.211	19368.4
272.549	18614.5
276.957	17890
281.437	17193.6
285.989	16524.4
290.615	15881.3
295.315	15263.1
300.092	14669
304.945	14098
309.878	13549.3
314.89	13022
319.983	12515.1
325.158	12027.9
330.418	11559.8
335.762	11109.8
341.192	10677.4
346.711	10261.8
352.319	9848.35
358.017	9447.46
363.808	9062.96
369.692	8694.08
375.672	8340.22
381.748	8000.77
387.922	7675.1
394.197	7362.73
400.573	7063.05
407.052	6775.58
413.635	6499.75
420.326	6235.24
427.124	5981.42
434.032	5737.98
441.052	5504.43
448.186	5280.38
455.435	5065.48
462.802	4859.3
470.287	4661.5
477.894	4471.8
485.623	4292.44
493.478	4120.98
501.459	3956.36
509.57	3798.17
517.812	3646.2
526.187	3500.3
534.698	3360.04
543.346	3225.22
552.134	3095.21
561.065	2970.42
570.14	2850.55
579.361	2735
588.732	2624.13
598.254	2518.61
607.93	2422.98
617.763	2331.99
627.755	2244.67
637.909	2155.6
648.226	2063.06
658.711	1970.08
669.365	1881.33
680.191	1801.77
691.193	1729.48
702.372	1661.17
713.733	1592.57
725.277	1524.82
737.008	1459.89
748.928	1397.77
761.042	1338.32
773.351	1281.27
785.859	1226.26
798.57	1173.3
811.486	1122.69
824.611	1074.25
837.949	1027.87
851.502	983.708
865.274	941.626
879.269	901.507
893.491	863.099
907.942	826.329
922.628	791.126
937.551	756.24
952.715	722.607
968.124	690.226
983.783	659.296
999.695	629.765
1015.86	601.566
1032.29	574.716
1048.99	549.069
1065.96	524.568
1083.2	7573.31
1100.72	7267.19
1118.52	6973.42
1136.61	6691.63
1155	6421.25
1173.68	6161.7
1192.66	5912.67
1211.95	5673.71
1231.55	5444.36
1251.47	5224.36
1271.72	5013.29
1292.28	4810.7
1313.19	4616.25
1334.43	4429.67
1356.01	4250.6
1377.94	4078.84
1400.23	3914.02
1422.88	3755.82
1445.89	3604.05
1469.28	3458.43
1493.04	3318.64
1517.19	3184.6
1541.73	3055.99
1566.67	2932.59
1592.01	2814.15
1617.76	2700.5
1643.92	2591.44
1670.51	2486.77
1697.53	2386.35
1724.99	2290.01
1752.89	2195.43
1781.24	2104.06
1810.05	2016.02
1839.32	1931.66
1869.07	1850.84
1899.3	1773.38
1930.02	1699.17
1961.24	1628.08
1992.96	1559.98
2025.2	1495.55
2057.95	1432.12
2091.24	1371.16
2125.06	1312.68
2159.43	1256.57
2194.36	1202.73
2229.85	1151.08
2265.92	1101.55
2302.57	1054.01
2339.81	1008.45
2377.66	964.775
2416.11	922.893
2455.19	882.753
2494.9	844.295
2535.26	807.433
2576.26	772.114
2617.93	738.292
2660.27	705.885
2703.3	674.841
2747.03	645.121
2791.46	616.658
2836.61	589.41
2882.49	563.326
2929.11	538.356
2976.48	514.456
3024.63	491.581
3073.55	469.7
3123.26	448.75
3173.78	428.713
3225.11	409.544
3277.27	391.203
3330.28	373.664
3384.15	356.896
3438.88	340.85
3494.5	325.514
3551.02	310.838
3608.46	296.816
3666.82	283.405
3726.13	270.589
3786.4	258.338
3847.64	246.629
3909.87	235.438
3973.11	224.743
4037.37	214.523
4102.68	204.75
4169.03	195.421
4236.46	186.5
4304.99	177.988
4374.62	169.847
4445.37	162.073
4517.27	154.647
4590.34	147.554
4664.58	140.783
4740.03	134.318
4816.69	128.143
4894.6	122.246
4973.77	116.606
5054.21	111.231
5135.96	106.099
5219.03	101.2
5303.44	96.5165
5389.22	92.0504
5476.39	87.7863
5564.97	83.7172
5654.98	79.8323
5746.44	76.1249
5839.38	72.587
5933.83	69.2106
6029.81	65.9886
6127.33	62.9134
6226.44	59.9803
6327.15	57.1815
6429.48	54.5105
6533.48	51.9627
6639.15	49.5319
6746.53	47.213
6855.65	45.0007
6966.54	42.891
7079.22	40.8787
7193.72	38.9584
7310.07	37.1282
7428.31	35.3814
7548.45	33.7162
7670.54	32.1279
7794.61	30.6139
7920.68	29.17
8048.79	27.7924
8178.97	26.4801
8311.26	25.2276
8445.69	24.0342
8582.29	22.8967
8721.11	21.8116
8862.16	20.7773
9005.5	19.7918
9151.16	18.8514
9299.17	17.9556
9449.58	17.1018
9602.42	16.288
9757.73	15.5125
9915.55	14.773
10075.9	14.0684
10238.9	13.3971
10404.5	12.7573
10572.8	12.1476
10743.8	11.5666
10917.6	11.0131
11094.2	10.4857
11273.6	9.98305
11455.9	9.50418
11641.2	9.04803
11829.5	8.61346
12020.8	8.19942
12215.3	7.80514
12412.9	7.42938
12613.6	7.07157
12817.6	6.73071
13025	6.40616
13235.6	6.09687
13449.7	5.80242
13667.2	5.52192
13888.3	5.25487
14112.9	5.00049
14341.2	4.75832
14573.1	4.52765
14808.9	4.3081
15048.4	4.09899
15291.8	3.89991
15539.1	3.71035
15790.4	3.52987
16045.8	3.35808
16305.4	3.19457
16569.1	3.03888
16837.1	2.89067
17109.4	2.74961
17386.1	2.61533
17667.4	2.48757
17953.1	2.36592
18243.5	2.25017
18538.6	2.14002
18838.4	2.03517
19143.1	1.9354
19452.7	1.84047
19767.4	1.75015
20087.1	1.66454
20412	1.58277
20742.1	1.50498
21077.6	1.43099
21418.5	1.3606
21765	1.29366
22117	1.22998
22474.7	1.16941
22838.2	1.1118
23207.6	1.057
23583	1.00488
23964.4	0.955306
24352	0.908157
24745.9	0.863313
25146.1	0.820665
25552.9	0.780103
25966.2	0.741521
26386.1	0.704825
26812.9	0.669936
27246.6	0.636753
27687.3	0.605197
28135.1	0.575186
28590.2	0.54665
29052.6	0.519512
29522.5	0.493706
30000	0.469168
