10	98739.2
10.1617	97405.5
10.3261	96089
10.4931	94791.2
10.6628	93510.4
10.8353	92246.9
11.0106	91145.1
11.1886	92336.2
11.3696	93541.5
11.5535	94763.6
11.7404	96000.3
11.9303	97253.8
12.1232	98558.3
12.3193	99898.5
12.5186	101256
12.721	102634
12.9268	104029
13.1359	105411
13.3483	106796
13.5642	108197
13.7836	109618
14.0066	111055
14.2331	112428
14.4633	113304
14.6973	114187
14.935	115078
15.1765	115976
15.422	116880
15.6714	117634
15.9249	117996
16.1825	118359
16.4442	118723
16.7102	119088
16.9805	119454
17.2551	119822
17.5342	119802
17.8178	119546
18.106	119290
18.3989	119036
18.6964	118782
18.9988	118528
19.3061	115662
19.6184	112989
19.9357	111477
20.2582	109986
20.5858	108515
20.9188	107096
21.2571	106903
21.6009	106711
21.9503	106519
22.3053	107570
22.6661	108942
23.0327	110332
23.4053	111738
23.7838	113164
24.1685	112897
24.5594	111894
24.9566	110899
25.3603	109914
25.7705	108937
26.1873	106956
26.6109	104657
27.0413	102406
27.4786	100204
27.9231	97926.8
28.3747	95471.4
28.8337	93077.7
29.3	90743.8
29.7739	88468.5
30.2555	86250.3
30.7449	84166.5
31.2421	82148.9
31.7475	80180.1
32.2609	78258.2
32.7827	76382.3
33.313	74551.5
33.8518	72764.5
34.3993	71020.5
34.9557	69368.5
35.5211	67818.1
36.0956	66302.1
36.6794	64820.1
37.2727	63371.2
37.8755	61954.6
38.4882	60569.9
39.1107	59580.5
39.7433	58627
40.3861	57688.7
41.0393	56765.4
41.7031	55856.9
42.3776	54962.7
43.063	54356.1
43.7595	53896.1
44.4673	53440
45.1865	52988
45.9174	52539.6
46.66	52095
47.4147	51654.2
48.1816	51312.7
48.9609	51261.5
49.7528	51210.3
50.5576	51159.3
51.3753	51108.2
52.2062	51057.3
53.0506	51049.1
53.9087	51055.4
54.7806	51061.7
55.6667	51068
56.567	51074.4
57.482	51066.2
58.4117	50815.9
59.3564	50566.9
60.3165	50319.1
61.2921	50400.7
62.2834	51500.2
63.2908	52623.5
64.3145	53771.2
65.3547	58788.9
66.4118	66590.1
67.4859	75427.7
68.5775	85436.6
69.6867	87447.5
70.8138	89051.9
71.9592	90473.2
73.123	90219.8
74.3057	89967.1
75.5076	89715.1
76.7289	89463.8
77.9699	88720.8
79.231	87819.9
80.5125	86928.1
81.8147	86045.6
83.138	85171.8
84.4827	83740.9
85.8492	82198.9
87.2377	80685.3
88.6487	79199.6
90.0825	77741.2
91.5395	76309.7
93.0201	74996.4
94.5247	73901.4
96.0535	72822.5
97.6071	71759.3
99.1858	70711.6
100.79	69679.3
102.42	68662
104.077	67659.5
105.76	66671.7
107.471	65698.4
109.209	64660.6
110.975	63621
112.77	62598.2
114.594	61591.8
116.448	60601.6
118.331	59627.3
120.245	58668.7
122.19	57661.9
124.166	56653.4
126.175	55662.5
128.215	54688.7
130.289	53732.2
132.397	52792.4
134.538	51868.9
136.714	51357.3
138.925	50882.7
141.172	50412.2
143.456	49946.2
145.776	49484.5
148.134	49027.4
150.53	48574.2
152.964	48125
155.439	47680.4
157.953	47193.8
160.507	46304.2
163.103	45431.3
165.742	44575
168.422	43734.8
171.146	42910.5
173.915	42101.8
176.727	41308.4
179.586	40529.5
182.491	39765.8
185.442	39016.1
188.442	38281
191.49	37559.3
194.587	36851.3
197.734	36156.8
200.932	35475.3
204.182	34806.6
207.485	33955.5
210.84	33089.5
214.251	32245.7
217.716	31423.3
221.237	30622
224.816	29841.1
228.452	29080.1
232.147	28338.5
235.902	27615.8
239.717	26911.5
243.595	26225.3
247.535	25556.4
251.538	24904.7
255.607	24269.6
259.741	23650.6
263.942	23047.5
268.211	22459.8
272.549	21887
276.957	21328.8
281.437	20784.9
285.989	20228.6
290.615	19594.8
295.315	18980.9
300.092	18386.2
304.945	17810.1
309.878	17252.1
314.89	16711.6
319.983	16188
325.158	15680.7
330.418	15189.5
335.762	14713.6
341.192	14252.5
346.711	13806
352.319	13373.4
358.017	12954.4
363.808	12548.6
369.692	12155.4
375.672	11751.6
381.748	11354.3
387.922	10970.5
394.197	10599.7
400.573	10241.3
407.052	9895.13
413.635	9560.61
420.326	9237.44
427.124	8925.16
434.032	8623.43
441.052	8331.92
448.186	8050.27
455.435	7778.13
462.802	7515.2
470.287	7261.15
477.894	7015.7
485.623	6778.53
493.478	6549.38
501.459	6318.9
509.57	6071.25
517.812	5833.28
526.187	5604.65
534.698	5384.98
543.346	5173.91
552.134	4971.12
561.065	4776.27
570.14	4589.07
579.361	4409.2
588.732	4236.38
598.254	4070.34
607.93	3910.8
617.763	3773.02
627.755	3644.13
637.909	3519.64
648.226	3399.4
658.711	3283.27
669.365	3171.11
680.191	3062.78
691.193	2958.15
702.372	2857.08
713.733	2759.49
725.277	2636.53
737.008	2477.57
748.928	2328.19
761.042	2264
773.351	2183.34
785.859	2110.51
798.57	2044.13
811.486	1980.28
824.611	1918.43
837.949	1858.54
851.502	1800.51
865.274	13936.1
879.269	13413.3
893.491	12910.1
907.942	12425.7
922.628	11959.5
937.551	11522.6
952.715	11093.5
968.124	10673.9
983.783	10401.5
999.695	10430.2
1015.86	10786
1032.29	10391.1
1048.99	10001.1
1065.96	9621.93
1083.2	9256.97
1100.72	8905.83
1118.52	8567.91
1136.61	8242.87
1155	7930.23
1173.68	7629.42
1192.66	7340.01
1211.95	7061.57
1231.55	6793.66
1251.47	6534.76
1271.72	6284.46
1292.28	6042.19
1313.19	5809.25
1334.43	5585.27
1356.01	5369.88
1377.94	5162.85
1400.23	4963.81
1422.88	4772.42
1445.89	4588.41
1469.28	4410.88
1493.04	4239.23
1517.19	4070.43
1541.73	3907.86
1566.67	3751.84
1592.01	3602
1617.76	3458.12
1643.92	3319.96
1670.51	3187.35
1697.53	3060.06
1724.99	2937.91
1752.89	2819.28
1781.24	2705.01
1810.05	2595.09
1839.32	2489.63
1869.07	2388.46
1899.3	2291.38
1930.02	2198.3
1961.24	2108.99
1992.96	2023.27
2025.2	1941.78
2057.95	1862.41
2091.24	1786.17
2125.06	1712.96
2159.43	1642.71
2194.36	1575.19
2229.85	1510.49
2265.92	1448.32
2302.57	1388.62
2339.81	1331.4
2377.66	1276.46
2416.11	1223.78
2455.19	1173.19
2494.9	1124.65
2535.26	1078.14
2576.26	1033.45
2617.93	990.616
2660.27	949.515
2703.3	910.102
2747.03	872.296
2791.46	836.036
2836.61	801.254
2882.49	767.907
2929.11	735.919
2976.48	705.248
3024.63	675.843
3073.55	647.642
3123.26	620.595
3173.78	594.667
3225.11	569.802
3277.27	545.972
3330.28	523.122
3384.15	501.213
3438.88	480.203
3494.5	460.073
3551.02	440.766
3608.46	422.266
3666.82	404.527
3726.13	387.519
3786.4	371.222
3847.64	355.602
3909.87	340.625
3973.11	326.275
4037.37	312.513
4102.68	299.327
4169.03	286.683
4236.46	274.574
4304.99	262.963
4374.62	251.83
4445.37	241.168
4517.27	230.94
4590.34	221.146
4664.58	211.754
4740.03	202.754
4816.69	194.13
4894.6	185.868
4973.77	177.944
5054.21	170.348
5135.96	163.078
5219.03	156.106
5303.44	149.422
5389.22	143.02
5476.39	136.881
5564.97	131.009
5654.98	125.367
5746.44	119.97
5839.38	114.799
5933.83	109.84
6029.81	105.086
6127.33	100.536
6226.44	96.1706
6327.15	91.9905
6429.48	87.9851
6533.48	84.1457
6639.15	80.4678
6746.53	76.9439
6855.65	73.5666
6966.54	70.3318
7079.22	67.2311
7193.72	64.2606
7310.07	61.4141
7428.31	58.6883
7548.45	56.0751
7670.54	53.5721
7794.61	51.1744
7920.68	48.8773
8048.79	46.6757
8178.97	44.5672
8311.26	42.5502
8445.69	319.533
8582.29	307.151
8721.11	295.187
8862.16	283.633
9005.5	272.479
9151.16	261.711
9299.17	251.314
9449.58	241.289
9602.42	231.627
9757.73	222.308
9915.55	213.342
10075.9	204.693
10238.9	196.365
10404.5	188.346
10572.8	180.629
10743.8	173.201
10917.6	166.057
11094.2	159.186
11273.6	152.577
11455.9	146.223
11641.2	140.117
11829.5	134.25
12020.8	128.612
12215.3	123.199
12412.9	117.997
12613.6	113.004
12817.6	108.21
13025	103.61
13235.6	99.1934
13449.7	94.956
13667.2	90.8907
13888.3	86.9914
14112.9	83.2509
14341.2	79.6651
14573.1	76.2256
14808.9	72.9295
15048.4	69.769
15291.8	66.7406
15539.1	63.8377
15790.4	61.0566
16045.8	58.3919
16305.4	55.8396
16569.1	53.3947
16837.1	51.0529
17109.4	48.8104
17386.1	46.6631
17667.4	44.6077
17953.1	42.6391
18243.5	40.7553
18538.6	38.9524
18838.4	37.2262
19143.1	35.5746
19452.7	33.9941
19767.4	32.4822
20087.1	31.0354
20412	29.6515
20742.1	28.3275
21077.6	27.0612
21418.5	25.8502
21765	24.6921
22117	23.5845
22474.7	22.5254
22838.2	21.5128
23207.6	20.5448
23583	19.6193
23964.4	18.7346
24352	17.8889
24745.9	17.0807
25146.1	16.3082
25552.9	15.5699
25966.2	14.8644
26386.1	14.1902
26812.9	13.546
27246.6	12.9306
27687.3	12.3425
28135.1	11.7807
28590.2	11.2441
29052.6	10.7314
29522.5	10.2417
30000	9.77398
