10	45493.9
10.1617	47063
10.3261	48685.1
10.4931	50363.9
10.6628	52100.5
10.8353	53896.2
11.0106	55551.8
11.1886	57064.2
11.3696	58615.9
11.5535	60210.6
11.7404	61848.1
11.9303	63530.2
12.1232	65259.6
12.3193	67064
12.5186	68987.9
12.721	70969.4
12.9268	73005.6
13.1359	75100.4
13.3483	77256.9
13.5642	79474.2
13.7836	81550.4
14.0066	83589.4
14.2331	85681
14.4633	87824.3
14.6973	90020.2
14.935	92272.4
15.1765	94248.8
15.422	95833.4
15.6714	97445.7
15.9249	99084.4
16.1825	100751
16.4442	102445
16.7102	104168
16.9805	105920
17.2551	107485
17.5342	108965
17.8178	110466
18.106	111987
18.3989	113529
18.6964	115094
18.9988	116679
19.3061	117818
19.6184	118698
19.9357	119586
20.2582	120479
20.5858	121380
20.9188	122286
21.2571	123201
21.6009	123886
21.9503	124442
22.3053	125001
22.6661	125562
23.0327	126126
23.4053	126691
23.7838	127260
24.1685	127730
24.5594	127857
24.9566	127984
25.3603	128111
25.7705	128238
26.1873	128366
26.6109	128494
27.0413	128358
27.4786	127823
27.9231	127291
28.3747	126760
28.8337	126232
29.3	125706
29.7739	125090
30.2555	124287
30.7449	123489
31.2421	122696
31.7475	121908
32.2609	121125
32.7827	120347
33.313	119692
33.8518	119170
34.3993	118649
34.9557	118131
35.5211	117616
36.0956	117102
36.6794	116591
37.2727	116204
37.8755	116144
38.4882	116083
39.1107	116023
39.7433	115963
40.3861	115902
41.0393	115841
41.7031	115782
42.3776	115721
43.063	115661
43.7595	115601
44.4673	114999
45.1865	114290
45.9174	113585
46.66	112884
47.4147	112188
48.1816	111495
48.9609	110808
49.7528	110124
50.5576	109444
51.3753	108769
52.2062	108284
53.0506	107941
53.9087	107599
54.7806	107258
55.6667	106918
56.567	106580
57.482	106061
58.4117	105460
59.3564	104863
60.3165	104269
61.2921	103678
62.2834	103090
63.2908	102506
64.3145	101925
65.3547	100525
66.4118	99040.8
67.4859	97579.3
68.5775	96139.7
69.6867	94573.2
70.8138	92146.6
71.9592	89782
73.123	87478.1
74.3057	85233.2
75.5076	82220.8
76.7289	79277.1
77.9699	76438.5
79.231	73701.3
80.5125	70027.5
81.8147	64977.9
83.138	59980.5
84.4827	55226
85.8492	50848.3
87.2377	46817.9
88.6487	43106.6
90.0825	39689.5
91.5395	36543.4
93.0201	33646.6
94.5247	30830.5
96.0535	28067.7
97.6071	25552.3
99.1858	23262.4
100.79	21177.6
102.42	19279.6
104.077	17552.2
105.76	15979
107.471	14547.3
109.209	12933.2
110.975	11434.2
112.77	10109.1
114.594	8964.32
116.448	8074.73
118.331	7273.11
120.245	6551.22
122.19	5900.98
124.166	5423.32
126.175	5019.78
128.215	4676.04
130.289	4440.21
132.397	4279.38
134.538	4181.59
136.714	4183.9
138.925	4206.21
141.172	4270.99
143.456	4420.67
145.776	4575.7
148.134	4733.61
150.53	4896.68
152.964	5065.49
155.439	5218.75
157.953	5373.31
160.507	5532.52
163.103	5696.4
165.742	5865.01
168.422	5975.92
171.146	6040.22
173.915	6105.13
176.727	6170.87
179.586	6237.21
182.491	6304.28
185.442	6364.99
188.442	6419.55
191.49	6474.66
194.587	6530.16
197.734	6586.19
200.932	6642.71
204.182	6699.68
207.485	6725.85
210.84	6738.12
214.251	6750.32
217.716	6762.6
221.237	6774.92
224.816	6787.22
228.452	6799.56
232.147	6797.17
235.902	6757.28
239.717	6717.64
243.595	6677.27
247.535	6636.43
251.538	6595.84
255.607	6544.47
259.741	6448.39
263.942	6353.71
268.211	6260.43
272.549	6144.51
276.957	6025.71
281.437	5909.22
285.989	5797.27
290.615	5691.69
295.315	5588.01
300.092	5493.25
304.945	5410.62
309.878	5329.24
314.89	5331.63
319.983	5348.16
325.158	5374.54
330.418	5492.84
335.762	5613.79
341.192	5760.91
346.711	5932.48
352.319	6523.6
358.017	7472.85
363.808	8783.06
369.692	10574.3
375.672	12562.9
381.748	14081.9
387.922	15670.7
394.197	16771.1
400.573	17949
407.052	18505.3
413.635	19013.4
420.326	19154.6
427.124	19296.9
434.032	19432.8
441.052	19500.5
448.186	19568.5
455.435	19636.7
462.802	19705.2
470.287	19750.5
477.894	19669.2
485.623	19588.5
493.478	19508
501.459	19427.9
509.57	19346.2
517.812	19237.8
526.187	19130.1
534.698	19023
543.346	18916.4
552.134	18711.2
561.065	18426.5
570.14	18146.1
579.361	17869.9
588.732	17598
598.254	17244.3
607.93	16856.4
617.763	16477.3
627.755	16106.7
637.909	15744.4
648.226	15435.2
658.711	15136.7
669.365	14844
680.191	14521.5
691.193	14160.4
702.372	13808.2
713.733	13464.8
725.277	13055.8
737.008	12636
748.928	12229.8
761.042	11836.6
773.351	11475.7
785.859	11115.5
798.57	10749
811.486	10393.7
824.611	10050.3
837.949	9718.52
851.502	9396.76
865.274	9084.87
879.269	8782.56
893.491	8490.41
907.942	8207.91
922.628	7934.81
937.551	7667.78
952.715	7409.02
968.124	7158.39
983.783	6916.25
999.695	6680.98
1015.86	6452.39
1032.29	6220.49
1048.99	5995.49
1065.96	5777.2
1083.2	5566.78
1100.72	5364.02
1118.52	5168.61
1136.61	4980.44
1155	4799.12
1173.68	4624.35
1192.66	4455.92
1211.95	4293.64
1231.55	4137.22
1251.47	3986.64
1271.72	3841.7
1292.28	3702.07
1313.19	3567.53
1334.43	3437.95
1356.01	3313.03
1377.94	3192.6
1400.23	3076.59
1422.88	2964.79
1445.89	2857.02
1469.28	2753.13
1493.04	2652.92
1517.19	2556.11
1541.73	2462.79
1566.67	2372.89
1592.01	2286.23
1617.76	2202.73
1643.92	2122.27
1670.51	2044.79
1697.53	1970.14
1724.99	1898.24
1752.89	1827.41
1781.24	1758.7
1810.05	1692.19
1839.32	1628.22
1869.07	1566.7
1899.3	1507.5
1930.02	1450.52
1961.24	1395.69
1992.96	1342.93
2025.2	1292.92
2057.95	1243.22
2091.24	1195.12
2125.06	1148.75
2159.43	1104.08
2194.36	1060.92
2229.85	1019.22
2265.92	979.039
2302.57	940.279
2339.81	902.883
2377.66	866.807
2416.11	832.016
2455.19	798.474
2494.9	766.128
2535.26	734.935
2576.26	704.859
2617.93	675.874
2660.27	647.936
2703.3	620.998
2747.03	595.038
2791.46	570.021
2836.61	545.924
2882.49	522.697
2929.11	500.311
2976.48	478.76
3024.63	458.001
3073.55	438.006
3123.26	418.742
3173.78	1368.41
3225.11	1313.98
3277.27	1261.69
3330.28	1396.34
3384.15	1603.5
3438.88	1540.31
3494.5	1479.57
3551.02	1421.29
3608.46	1540.62
3666.82	1484.39
3726.13	1430.06
3786.4	1377.22
3847.64	1326.03
3909.87	1276.44
3973.11	1228.45
4037.37	1181.98
4102.68	1136.97
4169.03	1093.43
4236.46	1051.37
4304.99	1010.79
4374.62	971.479
4445.37	933.555
4517.27	896.97
4590.34	861.666
4664.58	827.594
4740.03	794.741
4816.69	763.085
4894.6	732.578
4973.77	703.175
5054.21	674.859
5135.96	647.593
5219.03	621.352
5303.44	596.082
5389.22	571.779
5476.39	548.4
5564.97	525.916
5654.98	504.293
5746.44	483.497
5839.38	463.517
5933.83	444.312
6029.81	425.867
6127.33	408.145
6226.44	391.117
6327.15	374.776
6429.48	359.077
6533.48	344.008
6639.15	329.543
6746.53	315.665
6855.65	302.35
6966.54	289.567
7079.22	277.306
7193.72	265.547
7310.07	254.265
7428.31	243.452
7548.45	233.079
7670.54	223.142
7794.61	213.612
7920.68	204.472
8048.79	195.719
8178.97	187.327
8311.26	179.289
8445.69	171.584
8582.29	164.206
8721.11	157.134
8862.16	150.362
9005.5	143.87
9151.16	137.663
9299.17	131.713
9449.58	126.018
9602.42	120.559
9757.73	115.339
9915.55	110.34
10075.9	105.553
10238.9	100.972
10404.5	96.5869
10572.8	92.3901
10743.8	88.373
10917.6	84.5294
11094.2	80.8512
11273.6	77.331
11455.9	73.9625
11641.2	70.7403
11829.5	67.6574
12020.8	64.7077
12215.3	61.8868
12412.9	59.187
12613.6	56.6055
12817.6	54.1361
13025	51.7744
13235.6	49.5147
13449.7	47.3542
13667.2	45.2873
13888.3	43.3112
14112.9	41.4212
14341.2	39.614
14573.1	37.8854
14808.9	36.2332
15048.4	34.653
15291.8	33.1421
15539.1	31.6972
15790.4	30.3156
16045.8	28.995
16305.4	27.7323
16569.1	26.525
16837.1	25.3708
17109.4	24.2672
17386.1	23.2122
17667.4	22.2039
17953.1	21.2395
18243.5	20.3178
18538.6	19.4367
18838.4	18.5942
19143.1	17.7889
19452.7	17.019
19767.4	16.2832
20087.1	15.5796
20412	14.9071
20742.1	14.2641
21077.6	13.6495
21418.5	13.062
21765	12.5004
22117	11.9635
22474.7	11.4502
22838.2	10.9595
23207.6	10.4905
23583	10.0421
23964.4	9.6134
24352	58.6318
24745.9	56.3001
25146.1	54.0522
25552.9	51.8855
25966.2	49.798
26386.1	47.7869
26812.9	45.8507
27246.6	43.9867
27687.3	42.1926
28135.1	40.4661
28590.2	38.8053
29052.6	37.208
29522.5	35.6719
30000	34.1952
