10	48347
10.1617	48419.1
10.3261	48490.9
10.4931	48563.2
10.6628	48743.3
10.8353	48944.3
11.0106	49146.1
11.1886	49349.5
11.3696	49553
11.5535	49757.5
11.7404	50283.5
11.9303	50827.3
12.1232	51377.4
12.3193	51932.8
12.5186	52494.1
12.721	53062.2
12.9268	53635.6
13.1359	54215.5
13.3483	54982.2
13.5642	55807.6
13.7836	56645.2
14.0066	57495.2
14.2331	58358.7
14.4633	59226.8
14.6973	60085.5
14.935	60957.4
15.1765	61842.4
15.422	62739.3
15.6714	63649.9
15.9249	64573.3
16.1825	65630.6
16.4442	67093.2
16.7102	68587.7
16.9805	70115.7
17.2551	71678.3
17.5342	73275.1
17.8178	74907.7
18.106	76586.2
18.3989	78308.1
18.6964	80070.2
18.9988	81871.1
19.3061	83712.4
19.6184	85594.8
19.9357	87733.9
20.2582	89950.4
20.5858	92224.1
20.9188	94554.1
21.2571	96943.9
21.6009	98121.2
21.9503	98285.1
22.3053	98448.9
22.6661	98260.7
23.0327	96164.8
23.4053	94114.4
23.7838	92107.6
24.1685	90058.7
24.5594	87985
24.9566	85958.5
25.3603	83979.1
25.7705	82045.3
26.1873	80354.3
26.6109	79266.2
27.0413	78192.9
27.4786	77134.2
27.9231	76089.7
28.3747	75059.5
28.8337	74060.4
29.3	73639.8
29.7739	73221.1
30.2555	72805.7
30.7449	72391.8
31.2421	71980.5
31.7475	71261.4
32.2609	68862.1
32.7827	66543.5
33.313	63843.1
33.8518	60834.9
34.3993	57968.5
34.9557	55237.2
35.5211	53014.5
36.0956	50996.4
36.6794	49054.9
37.2727	47187.5
37.8755	45422
38.4882	43742.2
39.1107	42124.4
39.7433	40566.4
40.3861	39822.4
41.0393	39478.2
41.7031	39137.1
42.3776	38799
43.063	38463.7
43.7595	38320.1
44.4673	38519.1
45.1865	38719.1
45.9174	38920.1
46.66	39122.3
47.4147	40014.6
48.1816	41376.9
48.9609	42785.6
49.7528	44242.3
50.5576	45689.4
51.3753	47104
52.2062	48561.9
53.0506	50065.5
53.9087	51578.8
54.7806	52344.3
55.6667	53121.4
56.567	53909.9
57.482	53985.4
58.4117	53607.3
59.3564	53231.6
60.3165	52096.8
61.2921	50773.2
62.2834	49907.5
63.2908	49451.6
64.3145	48999.5
65.3547	48552
66.4118	49517.1
67.4859	50630.5
68.5775	52297
69.6867	54332
70.8138	56446
71.9592	56520
73.123	56505.9
74.3057	55535.7
75.5076	53517.1
76.7289	50926.6
77.9699	48449.5
79.231	46080.8
80.5125	43808.7
81.8147	41287
83.138	38910.4
84.4827	36734.7
85.8492	34889.9
87.2377	33137.9
88.6487	30963.4
90.0825	28608.2
91.5395	26432
93.0201	24629.7
94.5247	23224.2
96.0535	21899.2
97.6071	20649.6
99.1858	19471.4
100.79	18510.6
102.42	17610.4
104.077	16754.2
105.76	15939.4
107.471	15174.1
109.209	14459.9
110.975	13779.4
112.77	13130.9
114.594	12526.1
116.448	11955.8
118.331	11412
120.245	10928.3
122.19	10465.2
124.166	10031.5
126.175	9894
128.215	9758.39
130.289	9624.63
132.397	9513.84
134.538	9473.11
136.714	9432.54
138.925	9392.16
141.172	9351.93
143.456	9378.41
145.776	9471.17
148.134	9564.81
150.53	9659.4
152.964	9814.35
155.439	9999.8
157.953	10188.9
160.507	10381.7
163.103	10601.6
165.742	10880.5
168.422	11167
171.146	11461
173.915	11758.2
176.727	12028.3
179.586	12304.5
182.491	12587.1
185.442	12876.2
188.442	13171.8
191.49	13373.3
194.587	13554.5
197.734	13738.3
200.932	13924.6
204.182	14113.3
207.485	14342.1
210.84	14594.3
214.251	14850.7
217.716	15111.9
221.237	15356.7
224.816	15554.3
228.452	15754.6
232.147	15957.5
235.902	16162.9
239.717	16305.6
243.595	16323.8
247.535	16342.3
251.538	16360.6
255.607	16379.1
259.741	16346.4
263.942	16281.6
268.211	16217
272.549	16152.7
276.957	16088.7
281.437	16030.8
285.989	15985.9
290.615	15941.1
295.315	15896.4
300.092	15851.8
304.945	15809.6
309.878	15770.9
314.89	15732
319.983	15692.9
325.158	15653.5
330.418	15614.9
335.762	15576.5
341.192	15537.9
346.711	15499.5
352.319	15461.2
358.017	15422.8
363.808	15384.4
369.692	15346.4
375.672	15308.5
381.748	15271
387.922	15219.1
394.197	15135
400.573	14946.7
407.052	14719.8
413.635	14496.6
420.326	14276.5
427.124	14059.9
434.032	13846.7
441.052	13636.9
448.186	13427.9
455.435	13210.4
462.802	12987.8
470.287	12764.4
477.894	12545.5
485.623	12329.9
493.478	12117.9
501.459	11909.9
509.57	11705.5
517.812	11520.6
526.187	11395.4
534.698	11378.4
543.346	11414.7
552.134	11450.5
561.065	11355.5
570.14	11193.1
579.361	10986.7
588.732	10776.1
598.254	10564.7
607.93	10357.2
617.763	10154.1
627.755	9954.01
637.909	9742.68
648.226	9514.34
658.711	9277.47
669.365	9046.5
680.191	8833.41
691.193	8635.36
702.372	8450.37
713.733	8292.48
725.277	8153.32
737.008	8016.49
748.928	7881.96
761.042	7748.59
773.351	7606.02
785.859	7426.9
798.57	7220.42
811.486	7019.69
824.611	6824.43
837.949	6634.57
851.502	6448.72
865.274	6266.65
879.269	6088.5
893.491	5915.38
907.942	5747.13
922.628	5583.6
937.551	5420.17
952.715	5260.33
968.124	5104.19
983.783	4952.59
999.695	4804.85
1015.86	4660.85
1032.29	4515.83
1048.99	4374.46
1065.96	4236.68
1083.2	4103.17
1100.72	3973.8
1118.52	3848.4
1136.61	3726.89
1155	3609.19
1173.68	3495.15
1192.66	3384.59
1211.95	3277.48
1231.55	3173.66
1251.47	3072.33
1271.72	2973.35
1292.28	2876.44
1313.19	2782.55
1334.43	2691.73
1356.01	2603.83
1377.94	2518.74
1400.23	2436.37
1422.88	2356.6
1445.89	2279.39
1469.28	2204.56
1493.04	2131.92
1517.19	2060.65
1541.73	1991.63
1566.67	1924.91
1592.01	1860.36
1617.76	1797.92
1643.92	1737.5
1670.51	1679.12
1697.53	1622.67
1724.99	1568.11
1752.89	1514.28
1781.24	1461.92
1810.05	1411.04
1839.32	1361.95
1869.07	1314.57
1899.3	1268.82
1930.02	1224.62
1961.24	1181.96
1992.96	1140.83
2025.2	1101.67
2057.95	1062.64
2091.24	1024.83
2125.06	2778.09
2159.43	2675.01
2194.36	2575.84
2229.85	3661.66
2265.92	3521.01
2302.57	3385.81
2339.81	3255.78
2377.66	3130.89
2416.11	3010.74
2455.19	2895.32
2494.9	2784.32
2535.26	2677.65
2576.26	2575.16
2617.93	2476.6
2660.27	2755.85
2703.3	2648.66
2747.03	2545.72
2791.46	2446.87
2836.61	2351.95
2882.49	2260.73
2929.11	2173.17
2976.48	2089.07
3024.63	2008.22
3073.55	2049.99
3123.26	1971.75
3173.78	1896.6
3225.11	1824.33
3277.27	1754.95
3330.28	1760.95
3384.15	1694.77
3438.88	1630.89
3494.5	1569.29
3551.02	1509.78
3608.46	1452.47
3666.82	1397.2
3726.13	1343.92
3786.4	1292.46
3847.64	1242.96
3909.87	1195.24
3973.11	1149.29
4037.37	1104.94
4102.68	1062.25
4169.03	1021.17
4236.46	981.555
4304.99	943.46
4374.62	906.766
4445.37	871.432
4517.27	837.416
4590.34	804.689
4664.58	773.186
4740.03	742.874
4816.69	713.713
4894.6	685.656
4973.77	658.663
5054.21	632.699
5135.96	607.728
5219.03	583.721
5303.44	560.63
5389.22	538.427
5476.39	517.084
5564.97	496.559
5654.98	476.835
5746.44	457.871
5839.38	439.654
5933.83	422.139
6029.81	405.307
6127.33	389.139
6226.44	373.596
6327.15	358.67
6429.48	344.322
6533.48	330.546
6639.15	317.302
6746.53	304.587
6855.65	292.375
6966.54	280.643
7079.22	269.376
7193.72	258.55
7310.07	248.159
7428.31	238.172
7548.45	228.592
7670.54	219.382
7794.61	210.547
7920.68	202.056
8048.79	193.907
8178.97	186.084
8311.26	178.569
8445.69	171.356
8582.29	164.43
8721.11	157.786
8862.16	151.397
9005.5	145.273
9151.16	139.39
9299.17	133.742
9449.58	128.32
9602.42	123.114
9757.73	118.119
9915.55	113.321
10075.9	108.454
10238.9	103.791
10404.5	99.3226
10572.8	95.0403
10743.8	90.937
10917.6	87.0057
11094.2	83.2391
11273.6	79.6298
11455.9	76.1721
11641.2	191.155
11829.5	182.807
12020.8	174.824
12215.3	167.192
12412.9	159.889
12613.6	152.908
12817.6	146.231
13025	139.847
13235.6	133.739
13449.7	178.767
13667.2	171.598
13888.3	185.129
14112.9	178.266
14341.2	171.616
14573.1	165.173
14808.9	158.938
15048.4	152.902
15291.8	147.064
15539.1	141.421
15790.4	135.965
16045.8	130.696
16305.4	125.608
16569.1	120.696
16837.1	115.955
17109.4	111.382
17386.1	106.972
17667.4	102.722
17953.1	98.624
18243.5	94.6763
18538.6	90.8738
18838.4	87.2115
19143.1	83.686
19452.7	80.2925
19767.4	77.0276
20087.1	73.8861
20412	70.8645
20742.1	67.9586
21077.6	65.1649
21418.5	62.4794
21765	59.8989
22117	57.4188
22474.7	55.0363
22838.2	52.7476
23207.6	50.5498
23583	48.4393
23964.4	46.4129
24352	44.4677
24745.9	42.6009
25146.1	40.8094
25552.9	39.0902
25966.2	37.4409
26386.1	35.8585
26812.9	34.341
27246.6	32.8856
27687.3	31.49
28135.1	30.1517
28590.2	28.8689
29052.6	27.639
29522.5	26.4602
30000	25.3304
