10	48060.9
10.1617	49915
10.3261	51839.4
10.4931	53839
10.6628	55916.1
10.8353	58072
11.0106	60310.9
11.1886	62638.4
11.3696	65053.8
11.5535	67562.7
11.7404	69671.2
11.9303	71760.9
12.1232	73914.7
12.3193	76131.8
12.5186	78414.6
12.721	80768.3
12.9268	83190.4
13.1359	85685.4
13.3483	88256.9
13.5642	90904.6
13.7836	93516.9
14.0066	95838.3
14.2331	98219.4
14.4633	100659
14.6973	103158
14.935	105720
15.1765	108347
15.422	111037
15.6714	113795
15.9249	116177
16.1825	117848
16.4442	119545
16.7102	121264
16.9805	123009
17.2551	124780
17.5342	126575
17.8178	128397
18.106	130244
18.3989	132118
18.6964	134020
18.9988	135949
19.3061	137652
19.6184	138887
19.9357	140133
20.2582	141390
20.5858	142660
20.9188	143940
21.2571	145232
21.6009	146536
21.9503	147851
22.3053	148357
22.6661	148625
23.0327	148897
23.4053	149169
23.7838	149442
24.1685	149715
24.5594	149990
24.9566	150264
25.3603	149715
25.7705	148484
26.1873	147263
26.6109	146051
27.0413	144082
27.4786	141543
27.9231	139049
28.3747	136599
28.8337	134192
29.3	131366
29.7739	128510
30.2555	125716
30.7449	122983
31.2421	120309
31.7475	117694
32.2609	113293
32.7827	108975
33.313	104822
33.8518	100827
34.3993	96984
34.9557	93561.9
35.5211	90553.2
36.0956	87641.1
36.6794	84822.7
37.2727	82095
37.8755	79753.7
38.4882	77582.9
39.1107	75471.1
39.7433	74394.5
40.3861	73752.1
41.0393	73115.4
41.7031	73725.2
42.3776	74977
43.063	76283.1
43.7595	79392.2
44.4673	82628
45.1865	85995.8
45.9174	88776.1
46.66	91632.9
47.4147	94581.1
48.1816	97624.5
48.9609	100766
49.7528	104008
50.5576	106961
51.3753	109642
52.2062	112389
53.0506	115205
53.9087	117706
54.7806	118383
55.6667	119065
56.567	119751
57.482	120440
58.4117	121134
59.3564	120697
60.3165	119686
61.2921	118684
62.2834	117691
63.2908	116706
64.3145	112819
65.3547	108826
66.4118	104975
67.4859	101260
68.5775	97677
69.6867	94220.6
70.8138	90560.1
71.9592	86716.6
73.123	83036.4
74.3057	79511.9
75.5076	74935.5
76.7289	68367.4
77.9699	62374.6
79.231	56907.3
80.5125	51918.7
81.8147	47368
83.138	43215.9
84.4827	39265.2
85.8492	35543.8
87.2377	32175.2
88.6487	29125.8
90.0825	26365.3
91.5395	23866.5
93.0201	21604.6
94.5247	19557
96.0535	17825.8
97.6071	16251.2
99.1858	14815.7
100.79	13507
102.42	12313.7
104.077	11226.2
105.76	10158.9
107.471	9141.86
109.209	8226.35
110.975	7402.5
112.77	6661.32
114.594	6101.61
116.448	5611.18
118.331	5159.98
120.245	4886.21
122.19	4719.59
124.166	4558.66
126.175	4509.82
128.215	4463.33
130.289	4417.34
132.397	4390
134.538	4442.5
136.714	4495.62
138.925	4549.37
141.172	4603.77
143.456	4658.78
145.776	4731.9
148.134	4849.82
150.53	4970.7
152.964	5094.65
155.439	5221.53
157.953	5347.19
160.507	5468.26
163.103	5592.02
165.742	5718.51
168.422	5848
171.146	5980.37
173.915	6115.64
176.727	6254.11
179.586	6287.6
182.491	6318.45
185.442	6349.5
188.442	6380.65
191.49	6412.01
194.587	6443.46
197.734	6475.1
200.932	6498.44
204.182	6508.23
207.485	6518.02
210.84	6527.88
214.251	6537.69
217.716	6547.55
221.237	6557.44
224.816	6567.31
228.452	6535.97
232.147	6503.21
235.902	6470.6
239.717	6438.18
243.595	6358.8
247.535	6276.03
251.538	6194.33
255.607	6118.32
259.741	6045.74
263.942	5974.02
268.211	5875.72
272.549	5779.02
276.957	5683.92
281.437	5590.38
285.989	5519.68
290.615	5483.37
295.315	5467.78
300.092	5462.13
304.945	5512.57
309.878	5636.26
314.89	6017.99
319.983	6826.72
325.158	7936.53
330.418	9969.72
335.762	11619.6
341.192	13385.5
346.711	15038.4
352.319	16728.4
358.017	18101.1
363.808	19182.8
369.692	19862.3
375.672	20427.2
381.748	20878.3
387.922	21010.1
394.197	21142.5
400.573	21327.3
407.052	21519.8
413.635	21714.3
420.326	21830.5
427.124	21829.6
434.032	21777.5
441.052	21620.4
448.186	21464.3
455.435	21307.9
462.802	21147.2
470.287	20987.7
477.894	20829.4
485.623	20686.3
493.478	20552.2
501.459	20419.1
509.57	20286.8
517.812	19922.1
526.187	19551.2
534.698	19187.3
543.346	18825.9
552.134	18449
561.065	18073.2
570.14	17708.3
579.361	17393.3
588.732	17095
598.254	16808.9
607.93	16528.2
617.763	16251.8
627.755	15974
637.909	15631.4
648.226	15195.2
658.711	14706.5
669.365	14232.9
680.191	13801
691.193	13401.8
702.372	13017.2
713.733	12619.8
725.277	12218.6
737.008	11829.8
748.928	11453.5
761.042	11089.1
773.351	10734.2
785.859	10384.4
798.57	10040.9
811.486	9708.71
824.611	9387.46
837.949	9076.92
851.502	8774.88
865.274	8480.97
879.269	8195.3
893.491	7919.24
907.942	7652.46
922.628	7394.64
937.551	7140.43
952.715	6893.64
968.124	6654.29
983.783	6423.27
999.695	6199.71
1015.86	5983.31
1032.29	5769.4
1048.99	5562.05
1065.96	5361.11
1083.2	5167.36
1100.72	4980.65
1118.52	4800.67
1136.61	4627.2
1155	4460.04
1173.68	4298.88
1192.66	4143.53
1211.95	3993.8
1231.55	3849.51
1251.47	3710.51
1271.72	3576.7
1292.28	3447.85
1313.19	3323.59
1334.43	3203.86
1356.01	3088.44
1377.94	2977.11
1400.23	2869.84
1422.88	2766.44
1445.89	2666.76
1469.28	2570.31
1493.04	2476.79
1517.19	2384.31
1541.73	2294.98
1566.67	2209.04
1592.01	2126.33
1617.76	2046.69
1643.92	1969.98
1670.51	1896.2
1697.53	1825.17
1724.99	1756.8
1752.89	1689.91
1781.24	1625.23
1810.05	1562.79
1839.32	1502.69
1869.07	1444.92
1899.3	1389.41
1930.02	1336.03
1961.24	1284.68
1992.96	1235.29
2025.2	1188.33
2057.95	1142.06
2091.24	1097.49
2125.06	1054.49
2159.43	1013.03
2194.36	973.129
2229.85	934.652
2265.92	897.593
2302.57	861.9
2339.81	827.499
2377.66	794.372
2416.11	762.463
2455.19	731.74
2494.9	702.141
2535.26	673.641
2576.26	646.197
2617.93	619.776
2660.27	594.346
2703.3	569.848
2747.03	546.273
2791.46	523.58
2836.61	501.734
2882.49	480.71
2929.11	460.463
2976.48	440.994
3024.63	1486.3
3073.55	1427.37
3123.26	1370.93
3173.78	1808.77
3225.11	1736.85
3277.27	1667.76
3330.28	1601.4
3384.15	1537.69
3438.88	1710.02
3494.5	1644.3
3551.02	1580.86
3608.46	1519.55
3666.82	1460.4
3726.13	1403.38
3786.4	1348.39
3847.64	1295.33
3909.87	1244.19
3973.11	1194.85
4037.37	1147.4
4102.68	1101.67
4169.03	1057.58
4236.46	1015.19
4304.99	974.352
4374.62	935.058
4445.37	897.246
4517.27	860.874
4590.34	825.902
4664.58	792.257
4740.03	759.914
4816.69	728.826
4894.6	698.941
4973.77	670.232
5054.21	642.635
5135.96	616.131
5219.03	590.671
5303.44	566.228
5389.22	542.746
5476.39	520.203
5564.97	498.559
5654.98	477.785
5746.44	457.85
5839.38	438.715
5933.83	420.355
6029.81	402.737
6127.33	385.84
6226.44	369.626
6327.15	354.077
6429.48	339.164
6533.48	324.862
6639.15	311.149
6746.53	298.002
6855.65	285.391
6966.54	273.306
7079.22	261.725
7193.72	250.619
7310.07	239.974
7428.31	229.777
7548.45	220.005
7670.54	210.639
7794.61	201.665
7920.68	193.06
8048.79	184.826
8178.97	176.931
8311.26	169.372
8445.69	162.128
8582.29	155.195
8721.11	148.552
8862.16	142.185
9005.5	136.089
9151.16	130.251
9299.17	124.662
9449.58	119.311
9602.42	114.185
9757.73	109.277
9915.55	104.583
10075.9	100.083
10238.9	95.7763
10404.5	91.6524
10572.8	87.7047
10743.8	83.9254
10917.6	80.3079
11094.2	76.845
11273.6	73.5293
11455.9	70.3554
11641.2	67.3181
11829.5	64.411
12020.8	61.6279
12215.3	58.9652
12412.9	56.4155
12613.6	53.976
12817.6	51.6411
13025	49.407
13235.6	47.2679
13449.7	45.2215
13667.2	43.2626
13888.3	41.3882
14112.9	39.5944
14341.2	37.8781
14573.1	36.2351
14808.9	34.6638
15048.4	33.1593
15291.8	31.72
15539.1	30.3427
15790.4	29.0248
16045.8	27.7636
16305.4	26.5571
16569.1	25.4023
16837.1	24.2974
17109.4	23.2401
17386.1	22.2284
17667.4	21.2607
17953.1	20.3344
18243.5	19.4482
18538.6	18.6004
18838.4	17.7889
19143.1	17.0126
19452.7	16.2698
19767.4	15.5592
20087.1	14.8792
20412	14.2285
20742.1	13.6059
21077.6	13.0102
21418.5	12.4403
21765	11.895
22117	11.3732
22474.7	10.874
22838.2	10.3963
23207.6	9.93929
23583	62.0022
23964.4	59.5114
24352	57.112
24745.9	54.8014
25146.1	52.5767
25552.9	50.4353
25966.2	48.3745
26386.1	46.3915
26812.9	44.4845
27246.6	42.6505
27687.3	40.8872
28135.1	39.1922
28590.2	37.5631
29052.6	35.9979
29522.5	34.494
30000	33.0496
