10	53816.9
10.1617	60017.2
10.3261	66927.1
10.4931	73164.2
10.6628	78718.5
10.8353	84557.8
11.0106	90268.5
11.1886	96370.8
11.3696	102561
11.5535	108604
11.7404	115002
11.9303	121779
12.1232	126785
12.3193	131582
12.5186	136560
12.721	141731
12.9268	145911
13.1359	148550
13.3483	151238
13.5642	153974
13.7836	154900
14.0066	155781
14.2331	156670
14.4633	157560
14.6973	156940
14.935	156278
15.1765	155619
15.422	154505
15.6714	152641
15.9249	150799
16.1825	148979
16.4442	145904
16.7102	142856
16.9805	139871
17.2551	135160
17.5342	130228
17.8178	125475
18.106	121434
18.3989	118111
18.6964	114880
18.9988	111738
19.3061	108361
19.6184	103956
19.9357	99728.5
20.2582	95673.6
20.5858	91783.2
20.9188	88484.1
21.2571	85321.8
21.6009	82272.7
21.9503	79332.6
22.3053	76497.5
22.6661	73763.9
23.0327	71128
23.4053	68456.7
23.7838	65875.4
24.1685	63391.6
24.5594	61001.4
24.9566	57890.5
25.3603	54562.6
25.7705	51426
26.1873	48469.4
26.6109	45972.6
27.0413	43885.1
27.4786	41892.2
27.9231	39990.3
28.3747	38174.4
28.8337	36338.8
29.3	34081.6
29.7739	31964.7
30.2555	29901.2
30.7449	27872.1
31.2421	25980.3
31.7475	24217.4
32.2609	22575.9
32.7827	21048.3
33.313	19624.2
33.8518	18296.4
34.3993	17139.7
34.9557	16071
35.5211	15068.9
36.0956	14129.2
36.6794	13228.9
37.2727	12226.5
37.8755	11299.9
38.4882	10443.7
39.1107	9644.55
39.7433	8864.46
40.3861	8147.69
41.0393	7584.96
41.7031	7169.39
42.3776	6841.37
43.063	6706.06
43.7595	6573.42
44.4673	6472.5
45.1865	6454.16
45.9174	6435.87
46.66	6457.38
47.4147	6606.09
48.1816	6786.08
48.9609	7030.55
49.7528	7366.56
50.5576	8094.6
51.3753	8894.78
52.2062	9774.13
53.0506	11373.6
53.9087	13886.9
54.7806	17046.2
55.6667	20164.1
56.567	22820.3
57.482	25913.9
58.4117	29809.3
59.3564	34290.5
60.3165	38623.5
61.2921	41281.9
62.2834	44123.4
63.2908	47160.5
64.3145	50406.5
65.3547	53876.1
66.4118	55807.1
67.4859	57687.4
68.5775	59630.7
69.6867	61639.7
70.8138	63716.6
71.9592	65863.3
73.123	68082.2
74.3057	70376
75.5076	72746.7
76.7289	75197.7
77.9699	75329
79.231	75105.2
80.5125	74877.7
81.8147	74543
83.138	74209.8
84.4827	73878.1
85.8492	73548.2
87.2377	73219.3
88.6487	72892.2
90.0825	72244.1
91.5395	70546.1
93.0201	68888
94.5247	67269
96.0535	64734.5
97.6071	62160.9
99.1858	59537.4
100.79	56674.6
102.42	54092.6
104.077	51802.9
105.76	48732.9
107.471	45364.1
109.209	42227.3
110.975	39307.3
112.77	36589.6
114.594	34169.7
116.448	32079
118.331	30115.7
120.245	28272.8
122.19	26542.7
124.166	25050.7
126.175	23714
128.215	22448
130.289	21250
132.397	20116.1
134.538	19042.3
136.714	17926.7
138.925	16575.4
141.172	15326.1
143.456	14171.2
145.776	13103.1
148.134	12115.6
150.53	11202.4
152.964	10357.9
155.439	9641.18
157.953	8983.25
160.507	8370.1
163.103	7798.9
165.742	7266.85
168.422	6770.85
171.146	6308.81
173.915	5872.29
176.727	5465.69
179.586	5095.55
182.491	4759.92
185.442	4446.3
188.442	4153.91
191.49	3912.46
194.587	3685.15
197.734	3470.99
200.932	3293.56
204.182	3145.01
207.485	3003.18
210.84	2896.44
214.251	2831.06
217.716	2767.16
221.237	2712.31
224.816	2682.78
228.452	2653.58
232.147	2624.69
235.902	2618.19
239.717	2635.98
243.595	2653.88
247.535	2673.78
251.538	2724.25
255.607	2775.63
259.741	2828.01
263.942	2925.95
268.211	3094.14
272.549	3272
276.957	3460.09
281.437	3658.95
285.989	3933.88
290.615	4239.41
295.315	4568.74
300.092	5077.45
304.945	5662.75
309.878	6053.61
314.89	6421.84
319.983	6812.47
325.158	7209.53
330.418	7586.72
335.762	7983.81
341.192	8349.88
346.711	8691.57
352.319	9047.34
358.017	9398.91
363.808	9710.26
369.692	10031.9
375.672	10364.2
381.748	10601
387.922	10812.7
394.197	11028.6
400.573	11248.8
407.052	11473.4
413.635	11593.7
420.326	11684.1
427.124	11775.3
434.032	11867.2
441.052	11942
448.186	11947.9
455.435	11953.9
462.802	11959.9
470.287	11965.8
477.894	11971.8
485.623	11984.3
493.478	12002.7
501.459	12021.1
509.57	12039.6
517.812	12058.1
526.187	12076.6
534.698	12049.3
543.346	12012.8
552.134	11976.5
561.065	11940.2
570.14	11904.1
579.361	11834.1
588.732	11702.6
598.254	11572.6
607.93	11444
617.763	11316.8
627.755	11191.1
637.909	11064.2
648.226	10862.4
658.711	10625
669.365	10393.7
680.191	10180.2
691.193	9980.37
702.372	9783.81
713.733	9569.25
725.277	9344.6
737.008	9125.31
748.928	8911.13
761.042	8704.2
773.351	8525.88
785.859	8433.05
798.57	8409.04
811.486	8385.03
824.611	8361.15
837.949	8337.4
851.502	8241.64
865.274	8068.47
879.269	7830.64
893.491	7599.76
907.942	7375.68
922.628	7158.22
937.551	6956.23
952.715	6762.2
968.124	6575.48
983.783	6393.98
999.695	6216.81
1015.86	6043.83
1032.29	5870.1
1048.99	5708.79
1065.96	5559.9
1083.2	5414.82
1100.72	5273.45
1118.52	5135.71
1136.61	5001.45
1155	4870.68
1173.68	4743.26
1192.66	4619.05
1211.95	4498.02
1231.55	4380.07
1251.47	4259.6
1271.72	4136.46
1292.28	4009.65
1313.19	3886.59
1334.43	3767.28
1356.01	3651.56
1377.94	3539.26
1400.23	3430.36
1422.88	3324.79
1445.89	3222.32
1469.28	3122.45
1493.04	3024.83
1517.19	2926.89
1541.73	2831.62
1566.67	2739.42
1592.01	2650.12
1617.76	2563.67
1643.92	2479.95
1670.51	2398.92
1697.53	2320.51
1724.99	2244.6
1752.89	2169.5
1781.24	2096.34
1810.05	2025.23
1839.32	1956.46
1869.07	1890
1899.3	1825.75
1930.02	1763.66
1961.24	1703.64
1992.96	1645.6
2025.2	1590.35
2057.95	1535.2
2091.24	1481.72
2125.06	1429.89
2159.43	1379.62
2194.36	1330.98
2229.85	1283.76
2265.92	1238.13
2302.57	1193.9
2339.81	1151.02
2377.66	1109.57
2416.11	1069.45
2455.19	1030.59
2494.9	992.993
2535.26	956.619
2576.26	921.432
2617.93	887.401
2660.27	854.503
2703.3	822.668
2747.03	791.894
2791.46	762.153
2836.61	733.413
2882.49	705.631
2929.11	1743.46
2976.48	1673.27
3024.63	2327.53
3073.55	2234.66
3123.26	2145.52
3173.78	2060.06
3225.11	1978
3277.27	1899.32
3330.28	1823.89
3384.15	1751.48
3438.88	1681.99
3494.5	1615.27
3551.02	1862.24
3608.46	1783.68
3666.82	1708.48
3726.13	1636.44
3786.4	1567.53
3847.64	1501.59
3909.87	1438.5
3973.11	1378.07
4037.37	1320.19
4102.68	1264.77
4169.03	1280.96
4236.46	1230.77
4304.99	1182.51
4374.62	1136.12
4445.37	1091.6
4517.27	1096.28
4590.34	1054.49
4664.58	1014.22
4740.03	975.388
4816.69	937.945
4894.6	901.887
4973.77	867.125
5054.21	833.631
5135.96	801.37
5219.03	770.298
5303.44	740.362
5389.22	711.544
5476.39	683.805
5564.97	657.092
5654.98	631.385
5746.44	606.648
5839.38	582.836
5933.83	559.93
6029.81	537.896
6127.33	516.695
6226.44	496.309
6327.15	476.701
6429.48	457.846
6533.48	439.72
6639.15	422.284
6746.53	405.532
6855.65	389.423
6966.54	373.943
7079.22	359.063
7193.72	344.759
7310.07	331.016
7428.31	317.818
7548.45	305.129
7670.54	292.942
7794.61	281.236
7920.68	269.985
8048.79	259.182
8178.97	248.803
8311.26	238.834
8445.69	229.263
8582.29	220.07
8721.11	211.24
8862.16	202.761
9005.5	194.618
9151.16	186.801
9299.17	179.294
9449.58	172.088
9602.42	165.172
9757.73	158.527
9915.55	152.152
10075.9	145.784
10238.9	139.681
10404.5	133.831
10572.8	128.224
10743.8	122.851
10917.6	117.703
11094.2	112.77
11273.6	108.045
11455.9	103.518
11641.2	99.183
11829.5	95.0315
12020.8	91.0554
12215.3	87.2493
12412.9	83.6035
12613.6	80.1142
12817.6	76.7733
13025	73.576
13235.6	70.5143
13449.7	67.5846
13667.2	64.7801
13888.3	62.0966
14112.9	59.5281
14341.2	57.0706
14573.1	54.7185
14808.9	127.14
15048.4	121.688
15291.8	116.47
15539.1	111.476
15790.4	106.695
16045.8	102.12
16305.4	97.7423
16569.1	93.5511
16837.1	89.54
17109.4	85.7007
17386.1	115.116
17667.4	110.612
17953.1	106.283
18243.5	115.963
18538.6	111.528
18838.4	107.243
19143.1	103.104
19452.7	99.1083
19767.4	95.2523
20087.1	91.5312
20412	87.942
20742.1	84.4809
21077.6	81.1446
21418.5	77.9293
21765	74.8318
22117	71.8477
22474.7	68.974
22838.2	66.2073
23207.6	63.5443
23583	60.9816
23964.4	58.5156
24352	56.1435
24745.9	53.8623
25146.1	51.6688
25552.9	49.5596
25966.2	47.5323
26386.1	45.5836
26812.9	43.7113
27246.6	41.9124
27687.3	40.1845
28135.1	38.5245
28590.2	36.9306
29052.6	35.4
29522.5	33.9305
30000	32.5198
