10	343894
10.1617	342404
10.3261	332309
10.4931	310370
10.6628	289322
10.8353	266414
11.0106	246081
11.1886	230660
11.3696	215964
11.5535	201580
11.7404	188562
11.9303	177783
12.1232	167617
12.3193	158970
12.5186	150854
12.721	142872
12.9268	134280
13.1359	126453
13.3483	120769
13.5642	115055
13.7836	109257
14.0066	103752
14.2331	98593.1
14.4633	93975
14.6973	89574.2
14.935	83856.5
15.1765	78243.7
15.422	72581.6
15.6714	67647.4
15.9249	63213.7
16.1825	58980.6
16.4442	54961.9
16.7102	51190.1
16.9805	47605.2
17.2551	44270.9
17.5342	41354.7
17.8178	38640.3
18.106	36041.1
18.3989	33606.7
18.6964	31336
18.9988	29321.1
19.3061	27494
19.6184	25895
19.9357	24123.5
20.2582	22439.3
20.5858	20902.1
20.9188	19800.3
21.2571	18756.4
21.6009	17767.6
21.9503	16706.7
22.3053	15375.9
22.6661	14222.3
23.0327	13520.6
23.4053	12853.5
23.7838	12013.9
24.1685	11027.9
24.5594	10509.8
24.9566	10008
25.3603	9273.6
25.7705	8737.5
26.1873	8352.21
26.6109	7983.96
27.0413	7578.55
27.4786	7174.66
27.9231	6819.11
28.3747	6537.21
28.8337	6428.84
29.3	6322.27
29.7739	6267.12
30.2555	6285.85
30.7449	6394.65
31.2421	6742.73
31.7475	7419.42
32.2609	8685.22
32.7827	10645.9
33.313	22475.4
33.8518	26769.2
34.3993	26987.3
34.9557	26158.8
35.5211	23603.2
36.0956	22260.9
36.6794	20997.3
37.2727	19867.2
37.8755	18917.7
38.4882	18469.4
39.1107	18335.6
39.7433	19362.8
40.3861	20732.9
41.0393	22724
41.7031	24819.2
42.3776	27018.4
43.063	29860.5
43.7595	32815.4
44.4673	35770.2
45.1865	39083.6
45.9174	43177.9
46.66	45665.1
47.4147	48367.8
48.1816	51230.4
48.9609	54262.5
49.7528	56412.6
50.5576	58392.7
51.3753	60442.6
52.2062	62884
53.0506	65895.4
53.9087	69051.1
54.7806	71568.2
55.6667	73947
56.567	76405.4
57.482	78899.6
58.4117	81285.5
59.3564	83744.4
60.3165	86424.3
61.2921	89462.9
62.2834	92608.4
63.2908	95066.9
64.3145	97279.6
65.3547	99544
66.4118	101861
67.4859	103828
68.5775	104696
69.6867	105571
70.8138	106453
71.9592	107343
73.123	108150
74.3057	108717
75.5076	109266
76.7289	109810
77.9699	110356
79.231	110905
80.5125	111359
81.8147	110970
83.138	110582
84.4827	109925
85.8492	108318
87.2377	105799
88.6487	103322
90.0825	100293
91.5395	94509.9
93.0201	90636.1
94.5247	88291
96.0535	84354
97.6071	80592
99.1858	76997.8
100.79	73556.1
102.42	70264
104.077	66973.6
105.76	60809.2
107.471	54971.4
109.209	49114.2
110.975	43881.2
112.77	39206.8
114.594	35029.6
116.448	31035.7
118.331	27174.6
120.245	22765.4
122.19	19071.5
124.166	15979
126.175	13414.1
128.215	11286.6
130.289	9513.83
132.397	8025.48
134.538	6981.95
136.714	6301.4
138.925	5981.72
141.172	5678.28
143.456	5390.27
145.776	5116.84
148.134	4920.06
150.53	4849.68
152.964	4967.94
155.439	5137.36
157.953	5349.28
160.507	5570.08
163.103	5799.89
165.742	6039.06
168.422	6288.3
171.146	6498.54
173.915	6645.76
176.727	6708.3
179.586	6768.53
182.491	6830.3
185.442	6897.9
188.442	6967.12
191.49	7031.21
194.587	7058.28
197.734	7073.85
200.932	7079.84
204.182	7085.78
207.485	7091.72
210.84	7097.7
214.251	7076.8
217.716	7050.25
221.237	7019.31
224.816	6988.4
228.452	6957.68
232.147	6927.16
235.902	6896.71
239.717	6866.4
243.595	6836.17
247.535	6806.14
251.538	6776.23
255.607	6746.41
259.741	6716.79
263.942	6687.3
268.211	6657.93
272.549	6628.66
276.957	6582.41
281.437	6515.1
285.989	6435.04
290.615	6354.07
295.315	6274.13
300.092	6195.23
304.945	6117.29
309.878	6040.28
314.89	5964.33
319.983	5889.31
325.158	5815.22
330.418	5742.04
335.762	5669.79
341.192	5598.5
346.711	5528.06
352.319	5458.49
358.017	5389.82
363.808	5322.05
369.692	5255.12
375.672	5189
381.748	5123.75
387.922	5057.06
394.197	4986.32
400.573	4893.67
407.052	4793.82
413.635	4696
420.326	4600.18
427.124	4506.31
434.032	4414.44
441.052	4324.37
448.186	4235.66
455.435	4146.46
462.802	4057.55
470.287	3969.71
477.894	3883.73
485.623	3799.62
493.478	3717.34
501.459	3636.87
509.57	3558.13
517.812	3481.09
526.187	3405.73
534.698	25714.6
543.346	24739.5
552.134	23801
561.065	22898.1
570.14	22032.7
579.361	21222.8
588.732	20448.2
598.254	19705.3
607.93	18989.8
617.763	18299.9
627.755	17633.8
637.909	16979
648.226	16330
658.711	15694
669.365	15083.2
680.191	14536.2
691.193	14039.7
702.372	13573.3
713.733	13126
725.277	12695.8
737.008	12279.9
748.928	11877.4
761.042	11493.5
773.351	11177.4
785.859	11062.4
798.57	11109
811.486	11155.6
824.611	11202.6
837.949	11249.8
851.502	11168.5
865.274	10946.7
879.269	10606.6
893.491	10277.5
907.942	9958.81
922.628	9650.09
937.551	9407.99
952.715	9186.27
968.124	8982.05
983.783	8782.38
999.695	8577.09
1015.86	8365.96
1032.29	8069.25
1048.99	7780.96
1065.96	7501.47
1083.2	7231.91
1100.72	6972.07
1118.52	6721.5
1136.61	6480
1155	6247.19
1173.68	6022.73
1192.66	5806.3
1211.95	5597.68
1231.55	5396.55
1251.47	5202.8
1271.72	5016.19
1292.28	4836.36
1313.19	4663.05
1334.43	4495.91
1356.01	4334.73
1377.94	4179.35
1400.23	4029.56
1422.88	3885.11
1445.89	3745.89
1469.28	3611.3
1493.04	3480.94
1517.19	3353.19
1541.73	3229.86
1566.67	3111.09
1592.01	2996.63
1617.76	2886.38
1643.92	2780.22
1670.51	2677.96
1697.53	2579.45
1724.99	2484.59
1752.89	2392.23
1781.24	2302.95
1810.05	2216.74
1839.32	2133.82
1869.07	2053.98
1899.3	1977.11
1930.02	1903.12
1961.24	1831.91
1992.96	1763.39
2025.2	1698.17
2057.95	1634.07
2091.24	1572.21
2125.06	1512.6
2159.43	1455.13
2194.36	1399.82
2229.85	1346.37
2265.92	1294.95
2302.57	1245.31
2339.81	1197.56
2377.66	1151.46
2416.11	1107.05
2455.19	1064.26
2494.9	1022.97
2535.26	983.229
2576.26	944.919
2617.93	908.013
2660.27	872.449
2703.3	838.178
2747.03	805.158
2791.46	773.344
2836.61	742.705
2882.49	713.174
2929.11	684.73
2976.48	657.333
3024.63	630.944
3073.55	605.529
3123.26	581.04
3173.78	557.458
3225.11	534.751
3277.27	512.877
3330.28	491.81
3384.15	471.528
3438.88	452
3494.5	433.201
3551.02	415.088
3608.46	397.657
3666.82	380.878
3726.13	364.726
3786.4	349.175
3847.64	334.207
3909.87	319.801
3973.11	305.939
4037.37	292.595
4102.68	279.78
4169.03	845.805
4236.46	812.071
4304.99	779.682
4374.62	748.601
4445.37	988.716
4517.27	948.085
4590.34	909.135
4664.58	871.773
4740.03	962.566
4816.69	924.886
4894.6	888.553
4973.77	853.511
5054.21	819.74
5135.96	787.199
5219.03	755.863
5303.44	725.664
5389.22	696.595
5476.39	668.615
5564.97	641.678
5654.98	615.765
5746.44	590.823
5839.38	566.84
5933.83	543.776
6029.81	521.605
6127.33	500.281
6226.44	479.789
6327.15	460.097
6429.48	441.17
6533.48	422.991
6639.15	405.525
6746.53	388.757
6855.65	372.649
6966.54	357.18
7079.22	342.334
7193.72	328.078
7310.07	314.399
7428.31	301.271
7548.45	288.665
7670.54	276.579
7794.61	264.982
7920.68	253.857
8048.79	243.182
8178.97	232.944
8311.26	223.124
8445.69	213.718
8582.29	204.685
8721.11	196.029
8862.16	187.734
9005.5	179.782
9151.16	172.159
9299.17	164.851
9449.58	157.85
9602.42	151.141
9757.73	144.706
9915.55	138.547
10075.9	132.642
10238.9	126.985
10404.5	121.565
10572.8	116.373
10743.8	111.399
10917.6	106.635
11094.2	102.072
11273.6	97.7003
11455.9	93.5135
11641.2	89.5048
11829.5	85.6658
12020.8	81.9888
12215.3	78.4691
12412.9	75.0972
12613.6	71.8699
12817.6	68.7794
13025	65.8212
13235.6	62.9878
13449.7	60.2759
13667.2	57.6792
13888.3	55.1943
14112.9	52.8147
14341.2	50.5373
14573.1	48.3567
14808.9	46.2704
15048.4	44.2728
15291.8	42.3608
15539.1	40.5309
15790.4	38.7793
16045.8	37.103
16305.4	35.4988
16569.1	33.9633
16837.1	32.4938
17109.4	31.0874
17386.1	29.7413
17667.4	28.4537
17953.1	27.2208
18243.5	26.0413
18538.6	24.9127
18838.4	23.8323
19143.1	22.7986
19452.7	21.8094
19767.4	20.8631
20087.1	19.9572
20412	19.0905
20742.1	18.2612
21077.6	17.4675
21418.5	16.7082
21765	15.9817
22117	15.2864
22474.7	14.6211
22838.2	13.9845
23207.6	13.3754
23583	12.7926
23964.4	12.2349
24352	11.7013
24745.9	11.1908
25146.1	10.7023
25552.9	10.2349
25966.2	9.78765
26386.1	9.35964
26812.9	8.95019
27246.6	8.55842
27687.3	8.18356
28135.1	7.82486
28590.2	7.48169
29052.6	7.15331
29522.5	6.83912
30000	6.53849
