10	600319
10.1617	591016
10.3261	581858
10.4931	572841
10.6628	563965
10.8353	555225
11.0106	546622
11.1886	538151
11.3696	529811
11.5535	521601
11.7404	513518
11.9303	505561
12.1232	494346
12.3193	481505
12.5186	468998
12.721	456813
12.9268	444947
13.1359	433390
13.3483	422130
13.5642	411165
13.7836	400484
14.0066	389898
14.2331	373698
14.4633	358173
14.6973	343295
14.935	329031
15.1765	315359
15.422	302258
15.6714	289699
15.9249	277664
16.1825	262111
16.4442	245870
16.7102	230640
16.9805	216351
17.2551	202946
17.5342	190373
17.8178	178578
18.106	163468
18.3989	143429
18.6964	125840
18.9988	110412
19.3061	96876.5
19.6184	85000.1
19.9357	74579
20.2582	63774.7
20.5858	54842.2
20.9188	50052.8
21.2571	45680.6
21.6009	41790.9
21.9503	38326.3
22.3053	35148.6
22.6661	32845.1
23.0327	31098
23.4053	29444
23.7838	27877.7
24.1685	26394.9
24.5594	25201.1
24.9566	24196.1
25.3603	23231.4
25.7705	22305.1
26.1873	21415.7
26.6109	20561.7
27.0413	20293.9
27.4786	20030.1
27.9231	19769.7
28.3747	19512.6
28.8337	19259
29.3	19008.6
29.7739	18761.5
30.2555	18517.6
30.7449	18276.8
31.2421	18039.2
31.7475	17842.4
32.2609	17739.9
32.7827	17638
33.313	17536.7
33.8518	17436.1
34.3993	17335.9
34.9557	17236.4
35.5211	17137.4
36.0956	17039
36.6794	16941.2
37.2727	16843.9
37.8755	16747.2
38.4882	16651
39.1107	16555.4
39.7433	16418.8
40.3861	16216.8
41.0393	16017.2
41.7031	15820.1
42.3776	15625.4
43.063	15433.1
43.7595	15243.1
44.4673	15055.5
45.1865	14870.2
45.9174	14687.2
46.66	14487.4
47.4147	14281.5
48.1816	14078.6
48.9609	13878.5
49.7528	13681.2
50.5576	13486.8
51.3753	13295.1
52.2062	13106.2
53.0506	12942.9
53.9087	12838.2
54.7806	12734.3
55.6667	12631.3
56.567	12529.1
57.482	12427.8
58.4117	12327.3
59.3564	12227.6
60.3165	12293.8
61.2921	12380.7
62.2834	12468.2
63.2908	12556.4
64.3145	12645.2
65.3547	12720.4
66.4118	12609.9
67.4859	12500.4
68.5775	12391.8
69.6867	12284.2
70.8138	11991.6
71.9592	11512.6
73.123	11052.9
74.3057	10611.4
75.5076	10015.3
76.7289	9321.67
77.9699	8676.05
79.231	8081.12
80.5125	7864.25
81.8147	7653.19
83.138	7447.81
84.4827	7258.88
85.8492	7258.9
87.2377	7258.88
88.6487	7258.89
90.0825	7258.9
91.5395	7281.96
93.0201	7352.93
94.5247	7424.6
96.0535	7496.94
97.6071	7570
99.1858	7643.77
100.79	64927.5
102.42	58012.2
104.077	52880.7
105.76	57620.2
107.471	64105
109.209	68442.6
110.975	73564.3
112.77	78587.7
114.594	83259.7
116.448	92035
118.331	99269
120.245	102202
122.19	104630
124.166	105279
126.175	105809
128.215	106987
130.289	109067
132.397	110334
134.538	106888
136.714	100271
138.925	97901
141.172	97500.4
143.456	96564.1
145.776	97740.9
148.134	97937.4
150.53	97013.8
152.964	98520.9
155.439	92887.3
157.953	93557.4
160.507	95045.9
163.103	97229.1
165.742	97448.2
168.422	97238.8
171.146	94522.7
173.915	88128.3
176.727	82200.8
179.586	78817.8
182.491	77431.6
185.442	75581.7
188.442	73771.3
191.49	71912.5
194.587	70101
197.734	68334.8
200.932	66613.2
204.182	65002.5
207.485	63500.5
210.84	62033
214.251	60599.7
217.716	59199.3
221.237	57826
224.816	56157.6
228.452	54537.2
232.147	52963.6
235.902	51435.5
239.717	49951.3
243.595	48510.1
247.535	47110.4
251.538	45665.4
255.607	44232.8
259.741	42845
263.942	41500.8
268.211	40198.8
272.549	38937.5
276.957	37715.9
281.437	36532.7
285.989	35386.5
290.615	34276.3
295.315	33200.9
300.092	32138.2
304.945	31080.6
309.878	30057.9
314.89	29068.8
319.983	28112.2
325.158	27187
330.418	26292.5
335.762	25427.2
341.192	24590.4
346.711	23781.2
352.319	22998.7
358.017	22241.8
363.808	21510
369.692	20735.1
375.672	19953.5
381.748	19201.2
387.922	18477.3
394.197	17780.8
400.573	17110.5
407.052	16465.5
413.635	15844.7
420.326	15247.4
427.124	14672.6
434.032	14119.4
441.052	13587.1
448.186	13074.9
455.435	12582
462.802	12106.4
470.287	11628.6
477.894	11169.8
485.623	10729.1
493.478	10305.7
501.459	9899.05
509.57	9508.46
517.812	9133.29
526.187	8772.88
534.698	8426.75
543.346	8094.22
552.134	7774.84
561.065	7468.05
570.14	7173.37
579.361	6890.33
588.732	6610.85
598.254	6334.53
607.93	6069.74
617.763	5816.02
627.755	5572.93
637.909	5339.99
648.226	5116.78
658.711	4902.9
669.365	4697.95
680.191	4501.59
691.193	4313.43
702.372	4138.99
713.733	3976.62
725.277	3820.61
737.008	3670.75
748.928	3526.74
761.042	3388.39
773.351	3255.46
785.859	3127.76
798.57	3003.8
811.486	2877.19
824.611	2755.93
837.949	2639.78
851.502	2528.53
865.274	2421.95
879.269	2319.88
893.491	2222.1
907.942	2124.51
922.628	2027.26
937.551	1934.48
952.715	1845.94
968.124	1761.47
983.783	1680.84
999.695	1603.87
1015.86	1530.3
1032.29	1460.12
1048.99	1393.15
1065.96	1329.26
1083.2	1268.3
1100.72	1212.51
1118.52	1162.11
1136.61	1113.73
1155	1067.37
1173.68	1022.95
1192.66	980.338
1211.95	939.45
1231.55	900.191
1251.47	862.576
1271.72	826.546
1292.28	792.015
1313.19	758.745
1334.43	726.842
1356.01	696.252
1377.94	666.953
1400.23	638.847
1422.88	611.852
1445.89	585.959
1469.28	561.162
1493.04	537.41
1517.19	514.065
1541.73	491.623
1566.67	470.111
1592.01	449.545
1617.76	429.877
1643.92	411.061
1670.51	393.073
1697.53	375.874
1724.99	359.43
1752.89	343.317
1781.24	327.797
1810.05	312.882
1839.32	3385.52
1869.07	3258.05
1899.3	3135.38
1930.02	3017.26
1961.24	2903.58
1992.96	2794.18
2025.2	2690.61
2057.95	2587.25
2091.24	2487.3
2125.06	2390.7
2159.43	2297.33
2194.36	2207.18
2229.85	2120.17
2265.92	2036.2
2302.57	1955.26
2339.81	1877.13
2377.66	1801.77
2416.11	1729.22
2455.19	1659.28
2494.9	1591.95
2535.26	1527.13
2576.26	1464.74
2617.93	1404.66
2660.27	1346.84
2703.3	1291.29
2747.03	1237.81
2791.46	1186.38
2836.61	1137.04
2882.49	1089.54
2929.11	1043.88
2976.48	1000.06
3024.63	957.986
3073.55	917.56
3123.26	878.744
3173.78	841.481
3225.11	805.722
3277.27	771.406
3330.28	738.474
3384.15	706.884
3438.88	676.579
3494.5	647.524
3551.02	619.649
3608.46	592.93
3666.82	567.316
3726.13	542.77
3786.4	519.238
3847.64	496.682
3909.87	475.073
3973.11	454.374
4037.37	434.545
4102.68	415.544
4169.03	397.35
4236.46	379.931
4304.99	363.245
4374.62	347.269
4445.37	331.976
4517.27	317.339
4590.34	303.321
4664.58	289.91
4740.03	277.072
4816.69	264.791
4894.6	253.041
4973.77	241.793
5054.21	231.039
5135.96	220.742
5219.03	210.894
5303.44	201.483
5389.22	192.476
5476.39	183.863
5564.97	175.63
5654.98	167.752
5746.44	160.222
5839.38	153.025
5933.83	146.146
6029.81	139.563
6127.33	133.275
6226.44	127.264
6327.15	121.521
6429.48	116.021
6533.48	110.78
6639.15	105.763
6746.53	100.969
6855.65	96.3902
6966.54	92.0156
7079.22	87.8353
7193.72	83.8412
7310.07	80.0263
7428.31	76.3811
7548.45	72.8996
7670.54	69.5747
7794.61	66.399
7920.68	63.3649
8048.79	60.4679
8178.97	57.7005
8311.26	55.0583
8445.69	52.5359
8582.29	50.1259
8721.11	47.825
8862.16	45.6286
9005.5	43.5313
9151.16	41.529
9299.17	39.6169
9449.58	37.7922
9602.42	36.0496
9757.73	34.3866
9915.55	32.799
10075.9	31.2835
10238.9	29.8372
10404.5	28.4567
10572.8	27.1393
10743.8	25.8817
10917.6	24.6817
11094.2	23.5365
11273.6	22.4433
11455.9	21.4002
11641.2	20.4051
11829.5	19.4554
12020.8	18.5492
12215.3	17.6848
12412.9	16.8597
12613.6	16.0728
12817.6	15.3219
13025	14.6057
13235.6	13.9221
13449.7	13.2702
13667.2	12.6483
13888.3	12.0551
14112.9	11.4891
14341.2	10.9494
14573.1	10.4344
14808.9	9.94351
15048.4	9.47511
15291.8	9.02841
15539.1	8.60235
15790.4	8.19601
16045.8	7.80856
16305.4	7.43911
16569.1	7.08673
16837.1	6.75073
17109.4	6.43033
17386.1	6.1248
17667.4	5.83357
17953.1	5.55579
18243.5	5.291
18538.6	5.03855
18838.4	4.79783
19143.1	4.56837
19452.7	4.3496
19767.4	4.14109
20087.1	3.94217
20412	3.75279
20742.1	3.57239
21077.6	3.40058
21418.5	3.23694
21765	3.0811
22117	2.93266
22474.7	2.79129
22838.2	2.65665
23207.6	2.52843
23583	2.40634
23964.4	2.29006
24352	2.17934
24745.9	2.07391
25146.1	1.97352
25552.9	1.87793
25966.2	1.78691
26386.1	1.70023
26812.9	1.61772
27246.6	1.53916
27687.3	1.46437
28135.1	1.39316
28590.2	1.32538
29052.6	1.26085
29522.5	1.19942
30000	1.14094
