10	5251.19
10.1617	5379.53
10.3261	5510.9
10.4931	5645.53
10.6628	5783.48
10.8353	5924.7
11.0106	6069.38
11.1886	6217.76
11.3696	6369.61
11.5535	6525.22
11.7404	6684.56
11.9303	6847.86
12.1232	7015.24
12.3193	7158.44
12.5186	7289.65
12.721	7423.43
12.9268	7559.48
13.1359	7698.09
13.3483	7839.32
13.5642	7983.06
13.7836	8117.32
14.0066	8223.52
14.2331	8331.21
14.4633	8440.29
14.6973	8550.7
14.935	8662.65
15.1765	8776.13
15.422	8871.69
15.6714	8948.56
15.9249	9026.01
16.1825	9104.15
16.4442	9183.01
16.7102	9262.49
16.9805	9341.91
17.2551	9402.78
17.5342	9463.98
17.8178	9525.6
18.106	9587.61
18.3989	9649.99
18.6964	9775.15
18.9988	9959.53
19.3061	10147.4
19.6184	10338.7
19.9357	11006.3
20.2582	12202.3
20.5858	14830.7
20.9188	19645.5
21.2571	21986.9
21.6009	21955.8
21.9503	21924.6
22.3053	23367.3
22.6661	29228.6
23.0327	33841.4
23.4053	35066.5
23.7838	32481
24.1685	37665.3
24.5594	69476.8
24.9566	76918.4
25.3603	92644.8
25.7705	103480
26.1873	111576
26.6109	116523
27.0413	118134
27.4786	118404
27.9231	118672
28.3747	118944
28.8337	117682
29.3	116269
29.7739	114872
30.2555	109572
30.7449	103931
31.2421	99778.7
31.7475	95882.3
32.2609	92155.1
32.7827	88988.7
33.313	85931.8
33.8518	82978.4
34.3993	79848.9
34.9557	76754.8
35.5211	74013.6
36.0956	71415.9
36.6794	69102.2
37.2727	67227.4
37.8755	65403.6
38.4882	63629.2
39.1107	61697.7
39.7433	59798.6
40.3861	57958.1
41.0393	56224.1
41.7031	54571
42.3776	52966.6
43.063	51409.2
43.7595	50241.7
44.4673	49339.6
45.1865	48453.6
45.9174	47685.3
46.66	47019
47.4147	46361.9
48.1816	45714
48.9609	45075.2
49.7528	44445.3
50.5576	43824.2
51.3753	43211.8
52.2062	42607.9
53.0506	42012.6
53.9087	41425.4
54.7806	40846.6
55.6667	40275.7
56.567	39712.9
57.482	39157.9
58.4117	38610.7
59.3564	38071.2
60.3165	37539.1
61.2921	37014.5
62.2834	36496.1
63.2908	35660
64.3145	34843.1
65.3547	34044.9
66.4118	33264.9
67.4859	32502.8
68.5775	31758.2
69.6867	31030.6
70.8138	30319.7
71.9592	29625.1
73.123	28946.4
74.3057	28283.3
75.5076	27635.3
76.7289	27002.2
77.9699	26383.6
79.231	25823.9
80.5125	25277.5
81.8147	24742.7
83.138	24219.2
84.4827	23706.7
85.8492	23205.2
87.2377	22714.2
88.6487	22161.3
90.0825	21619.2
91.5395	21090.4
93.0201	20574.5
94.5247	20071.2
96.0535	19580.2
97.6071	19072.5
99.1858	18414.5
100.79	17779.2
102.42	17165.8
104.077	16573.6
105.76	16001.7
107.471	15018.4
109.209	13613.1
110.975	12339.3
112.77	11327.8
114.594	10529.5
116.448	9813.15
118.331	9179.28
120.245	8586.47
122.19	8285.15
124.166	8129.37
126.175	12733.2
128.215	21941.7
130.289	38054.3
132.397	85900.4
134.538	128252
136.714	98875
138.925	77689.9
141.172	77860.6
143.456	75946.6
145.776	66817.4
148.134	62054.7
150.53	57882.4
152.964	53989.8
155.439	50360.7
157.953	46974.6
160.507	43815.6
163.103	40869.4
165.742	38288
168.422	36204.7
171.146	34235.4
173.915	32373.5
176.727	30612.3
179.586	28947.3
182.491	27372.9
185.442	26040.9
188.442	24872.2
191.49	23755.6
194.587	22689.5
197.734	21670.9
200.932	20698.2
204.182	19769.1
207.485	18961.3
210.84	18315.6
214.251	17692.2
217.716	17089.9
221.237	16508.1
224.816	15946.1
228.452	15479.3
232.147	15161.8
235.902	14850.8
239.717	14546.2
243.595	14247.9
247.535	13955.6
251.538	13669.4
255.607	13389.1
259.741	13114.5
263.942	12853.5
268.211	12635.8
272.549	12421.8
276.957	12211.4
281.437	12004.5
285.989	11801.2
290.615	11601.3
295.315	11404.8
300.092	11211.7
304.945	11095.3
309.878	11003.8
314.89	10913
319.983	10822.9
325.158	10733.6
330.418	10645.1
335.762	10557.2
341.192	10470.1
346.711	10360.1
352.319	10241.7
358.017	10129.8
363.808	10019.2
369.692	9909.72
375.672	9782.23
381.748	9641.7
387.922	9503.17
394.197	9366.6
400.573	9158.63
407.052	8951.73
413.635	8749.44
420.326	8551.72
427.124	8358.54
434.032	8169.65
441.052	7985.05
448.186	7804.63
455.435	7631.93
462.802	7467.95
470.287	7307.42
477.894	7150.42
485.623	6996.78
493.478	6846.46
501.459	6699.36
509.57	6555.39
517.812	6414.57
526.187	6276.73
534.698	6141.86
543.346	6004.08
552.134	5866.04
561.065	5727.29
570.14	5590.03
579.361	5456.77
588.732	5326.85
598.254	5200.24
607.93	5076.64
617.763	4955.97
627.755	4837.9
637.909	4719.35
648.226	4599.03
658.711	4478.8
669.365	4361.73
680.191	4254.17
691.193	4154.11
702.372	4057.15
713.733	3955.87
725.277	3852.68
737.008	3752.12
748.928	3654.21
761.042	3558.8
773.351	3465.23
785.859	3371.84
798.57	3279.14
811.486	3189.06
824.611	3101.41
837.949	3016.12
851.502	2932.51
865.274	2850.4
879.269	2769.88
893.491	2691.64
907.942	2615.61
922.628	2541.73
937.551	2468.27
952.715	2396.47
968.124	2326.35
983.783	2258.36
999.695	2192.21
1015.86	2127.82
1032.29	2064.09
1048.99	2001.94
1065.96	1941.34
1083.2	1882.55
1100.72	8041.09
1118.52	7908.8
1136.61	7778.63
1155	7650.63
1173.68	7524.76
1192.66	7400.88
1211.95	7279.06
1231.55	7159.27
1251.47	7041.59
1271.72	6925.9
1292.28	6812.22
1313.19	6700.44
1334.43	6590.5
1356.01	6482.32
1377.94	6375.91
1400.23	6271.27
1422.88	6168.33
1445.89	6067.15
1469.28	5955.59
1493.04	5828.04
1517.19	5629.61
1541.73	5516.12
1566.67	5566.21
1592.01	5394.54
1617.76	5195.99
1643.92	5004.7
1670.51	4820.51
1697.53	4690.65
1724.99	4651.12
1752.89	4505.17
1781.24	4341.03
1810.05	4182.43
1839.32	4029.58
1869.07	3882.3
1899.3	3740.39
1930.02	3603.72
1961.24	3472.04
1992.96	3345.14
2025.2	3224.61
2057.95	3104.99
2091.24	2989.52
2125.06	2878.07
2159.43	2770.46
2194.36	2666.7
2229.85	2566.51
2265.92	2469.96
2302.57	2376.86
2339.81	2287.07
2377.66	2200.48
2416.11	2117
2455.19	2036.59
2494.9	1959.08
2535.26	1884.42
2576.26	1812.49
2617.93	1743.2
2660.27	1676.47
2703.3	1612.17
2747.03	1550.32
2791.46	1490.69
2836.61	1433.36
2882.49	1378.09
2929.11	1324.97
2976.48	1273.79
3024.63	1224.55
3073.55	1177.1
3123.26	1131.48
3173.78	1087.63
3225.11	1045.4
3277.27	1004.78
3330.28	965.695
3384.15	928.098
3438.88	891.929
3494.5	857.151
3551.02	823.695
3608.46	791.516
3666.82	760.572
3726.13	730.818
3786.4	702.2
3847.64	674.685
3909.87	648.227
3973.11	622.788
4037.37	598.334
4102.68	574.822
4169.03	552.205
4236.46	530.475
4304.99	509.576
4374.62	489.493
4445.37	470.182
4517.27	451.62
4590.34	433.782
4664.58	416.628
4740.03	400.144
4816.69	384.298
4894.6	369.066
4973.77	354.434
5054.21	340.366
5135.96	326.841
5219.03	313.846
5303.44	301.357
5389.22	289.357
5476.39	277.82
5564.97	266.738
5654.98	256.082
5746.44	245.85
5839.38	236.008
5933.83	226.555
6029.81	217.471
6127.33	208.731
6226.44	200.342
6327.15	192.28
6429.48	184.535
6533.48	177.089
6639.15	169.941
6746.53	472.423
6855.65	450.799
6966.54	430.159
7079.22	410.465
7193.72	391.669
7310.07	373.732
7428.31	494.581
7548.45	472.227
7670.54	450.88
7794.61	494.579
7920.68	475.725
8048.79	457.486
8178.97	439.872
8311.26	422.852
8445.69	406.417
8582.29	390.537
8721.11	375.218
8862.16	360.448
9005.5	346.196
9151.16	332.45
9299.17	319.205
9449.58	306.448
9602.42	294.156
9757.73	282.313
9915.55	270.919
10075.9	259.944
10238.9	249.385
10404.5	239.224
10572.8	229.45
10743.8	220.05
10917.6	211.013
11094.2	202.324
11273.6	193.972
11455.9	185.946
11641.2	178.236
11829.5	170.829
12020.8	163.714
12215.3	156.884
12412.9	150.322
12613.6	144.026
12817.6	137.981
13025	132.181
13235.6	126.612
13449.7	121.271
13667.2	116.146
13888.3	111.232
14112.9	106.517
14341.2	101.996
14573.1	97.6601
14808.9	93.5045
15048.4	89.5193
15291.8	85.6995
15539.1	82.0378
15790.4	78.5286
16045.8	75.1662
16305.4	71.9446
16569.1	68.8572
16837.1	65.8996
17109.4	63.0662
17386.1	60.3521
17667.4	57.7531
17953.1	55.2632
18243.5	52.8792
18538.6	50.5963
18838.4	48.41
19143.1	46.3169
19452.7	44.3129
19767.4	42.3947
20087.1	40.5581
20412	38.8002
20742.1	37.1174
21077.6	35.507
21418.5	33.9658
21765	32.4908
22117	31.0793
22474.7	29.7285
22838.2	28.436
23207.6	27.1993
23583	26.0162
23964.4	24.884
24352	23.801
24745.9	22.7649
25146.1	21.7739
25552.9	20.8257
25966.2	19.9187
26386.1	19.0511
26812.9	18.2213
27246.6	17.4276
27687.3	16.6685
28135.1	15.9426
28590.2	15.2482
29052.6	14.5841
29522.5	13.949
30000	13.3417
