10	209562
10.1617	205447
10.3261	201414
10.4931	197460
10.6628	193583
10.8353	189782
11.0106	186057
11.1886	182678
11.3696	179702
11.5535	176775
11.7404	173895
11.9303	171063
12.1232	168277
12.3193	165535
12.5186	162840
12.721	160187
12.9268	157578
13.1359	155011
13.3483	152486
13.5642	150199
13.7836	147994
14.0066	145821
14.2331	143680
14.4633	141570
14.6973	139492
14.935	137443
15.1765	135573
15.422	133732
15.6714	131916
15.9249	130123
16.1825	128356
16.4442	126990
16.7102	125864
16.9805	124747
17.2551	123705
17.5342	123788
17.8178	123872
18.106	123955
18.3989	124038
18.6964	124327
18.9988	125214
19.3061	126109
19.6184	127009
19.9357	129290
20.2582	132280
20.5858	135342
20.9188	138985
21.2571	143090
21.6009	147314
21.9503	151663
22.3053	156141
22.6661	160749
23.0327	162865
23.4053	164337
23.7838	165823
24.1685	167323
24.5594	168835
24.9566	170362
25.3603	170353
25.7705	168922
26.1873	167504
26.6109	166097
27.0413	164702
27.4786	161603
27.9231	157287
28.3747	153085
28.8337	148997
29.3	145017
29.7739	141021
30.2555	137121
30.7449	133330
31.2421	130884
31.7475	130834
32.2609	130786
32.7827	130737
33.313	131506
33.8518	134789
34.3993	138153
34.9557	141602
35.5211	146021
36.0956	151659
36.6794	157513
37.2727	163594
37.8755	170516
38.4882	178440
39.1107	186733
39.7433	195414
40.3861	204494
41.0393	213365
41.7031	222523
42.3776	232073
43.063	241651
43.7595	245714
44.4673	249842
45.1865	251426
45.9174	251761
46.66	252095
47.4147	247264
48.1816	242456
48.9609	237175
49.7528	229882
50.5576	222812
51.3753	209550
52.2062	194985
53.0506	181434
53.9087	168826
54.7806	157092
55.6667	145529
56.567	134817
57.482	124894
58.4117	115701
59.3564	106611
60.3165	97670.7
61.2921	89479.7
62.2834	81975.5
63.2908	75904.7
64.3145	70328.4
65.3547	65161.5
66.4118	60374.5
67.4859	55938.9
68.5775	53343.2
69.6867	51188
70.8138	49119.9
71.9592	47135.4
73.123	45434.6
74.3057	43974.4
75.5076	42904.9
76.7289	41861.5
77.9699	40843.3
79.231	40127.1
80.5125	39498.6
81.8147	38879.9
83.138	38270.9
84.4827	37671.5
85.8492	37302.5
87.2377	36974.4
88.6487	36649.2
90.0825	36326.8
91.5395	36007.4
93.0201	35690.6
94.5247	35376.8
96.0535	35065.5
97.6071	34561.3
99.1858	33986.3
100.79	33420.7
102.42	32864.6
104.077	32317.7
105.76	31780
107.471	31251.2
109.209	30731.2
110.975	30181.5
112.77	29501.2
114.594	28836.3
116.448	28186.4
118.331	27551.1
120.245	26930.2
122.19	26323.2
124.166	25730
126.175	25318.5
128.215	24947.1
130.289	24581
132.397	24220.3
134.538	23865
136.714	23514.8
138.925	23169.7
141.172	22806.6
143.456	22442.8
145.776	22084.9
148.134	21732.7
150.53	21386.1
152.964	21045.1
155.439	20709.5
157.953	20379.2
160.507	20054.1
163.103	19632.7
165.742	19212
168.422	18800.3
171.146	18397.5
173.915	18003.3
176.727	17617.5
179.586	17240
182.491	16878.7
185.442	16564.2
188.442	16255.5
191.49	15952.6
194.587	15655.3
197.734	15363.6
200.932	15004.7
204.182	14618.7
207.485	14242.6
210.84	13876.1
214.251	13519.1
217.716	13171.3
221.237	12779.1
224.816	12397.4
228.452	12027
232.147	11667.7
235.902	11319.1
239.717	11025.7
243.595	10746.6
247.535	10474.6
251.538	10209.4
255.607	9950.92
259.741	9681.88
263.942	9407.28
268.211	9140.47
272.549	8881.22
276.957	8629.3
281.437	8381.88
285.989	8141.13
290.615	7907.29
295.315	7680.15
300.092	7459.55
304.945	7245.27
309.878	7036.54
314.89	6831.63
319.983	6632.7
325.158	6439.55
330.418	6252.06
335.762	6069.99
341.192	5893.23
346.711	5721.62
352.319	5555.02
358.017	5362.81
363.808	5164.94
369.692	4974.32
375.672	4790.77
381.748	4613.98
387.922	4451.73
394.197	4323.9
400.573	4194.02
407.052	4065.82
413.635	3941.54
420.326	3821.08
427.124	3704.27
434.032	3591.01
441.052	3481.24
448.186	3374.87
455.435	30072.6
462.802	29048.6
470.287	28059.6
477.894	27104.4
485.623	26181.4
493.478	25289.9
501.459	24429.1
509.57	23597.3
517.812	22793.9
526.187	22017.2
534.698	21267.7
543.346	20543.8
552.134	19844.6
561.065	19787.5
570.14	20031.2
579.361	20278
588.732	19940.2
598.254	19246.7
607.93	18577.5
617.763	17931.6
627.755	17307.1
637.909	16693.4
648.226	16086.3
658.711	15491.7
669.365	14918.2
680.191	14397.9
691.193	13919.8
702.372	13461.4
713.733	12986.3
725.277	12506.9
737.008	12045.2
748.928	11600.4
761.042	11172
773.351	10758.5
785.859	10357.3
798.57	9968.76
811.486	9594.73
824.611	9234.74
837.949	8888.24
851.502	8554
865.274	8231.55
879.269	7920.58
893.491	7621.32
907.942	7333.39
922.628	7056.36
937.551	6785.04
952.715	6523.02
968.124	6270.15
983.783	6027.1
999.695	5793.59
1015.86	5569.23
1032.29	5354.6
1048.99	5146.45
1065.96	4944.48
1083.2	4750.41
1100.72	4563.98
1118.52	4384.86
1136.61	4212.76
1155	4047.45
1173.68	3888.62
1192.66	3735.99
1211.95	3589.35
1231.55	3448.47
1251.47	3312.3
1271.72	3180.71
1292.28	3053.33
1313.19	2931.04
1334.43	2813.64
1356.01	2700.89
1377.94	2592.7
1400.23	2488.84
1422.88	2389.13
1445.89	2293.44
1469.28	2201.33
1493.04	2112.51
1517.19	2025.6
1541.73	1942.05
1566.67	1861.98
1592.01	1785.19
1617.76	1711.55
1643.92	1640.94
1670.51	1573.31
1697.53	1508.44
1724.99	1446.2
1752.89	1386.09
1781.24	1328.33
1810.05	1272.91
1839.32	1219.79
1869.07	1168.88
1899.3	1120.08
1930.02	1073.32
1961.24	1028.51
1992.96	985.581
2025.2	944.75
2057.95	905.154
2091.24	867.182
2125.06	830.772
2159.43	795.86
2194.36	762.409
2229.85	730.326
2265.92	699.583
2302.57	670.116
2339.81	641.867
2377.66	614.799
2416.11	588.849
2455.19	563.992
2494.9	540.161
2535.26	517.336
2576.26	495.454
2617.93	474.49
2660.27	454.413
2703.3	435.165
2747.03	416.733
2791.46	399.065
2836.61	382.142
2882.49	365.937
2929.11	350.4
2976.48	335.524
3024.63	321.277
3073.55	307.628
3123.26	294.545
3173.78	282.016
3225.11	270.018
3277.27	258.525
3330.28	247.522
3384.15	236.978
3438.88	226.883
3494.5	217.205
3551.02	207.946
3608.46	199.074
3666.82	190.572
3726.13	182.432
3786.4	174.644
3847.64	167.175
3909.87	160.032
3973.11	153.188
4037.37	146.627
4102.68	140.351
4169.03	134.337
4236.46	128.575
4304.99	123.068
4374.62	117.784
4445.37	112.726
4517.27	107.887
4590.34	103.248
4664.58	98.805
4740.03	94.5519
4816.69	90.4796
4894.6	86.5799
4973.77	711.853
5054.21	684.457
5135.96	658.051
5219.03	632.525
5303.44	607.847
5389.22	584.02
5476.39	561.018
5564.97	538.816
5654.98	517.392
5746.44	496.721
5839.38	476.806
5933.83	457.604
6029.81	439.103
6127.33	421.278
6226.44	404.117
6327.15	387.597
6429.48	371.691
6533.48	356.385
6639.15	341.669
6746.53	327.517
6855.65	313.9
6966.54	300.816
7079.22	288.242
7193.72	276.157
7310.07	264.549
7428.31	253.395
7548.45	242.685
7670.54	232.4
7794.61	222.533
7920.68	213.059
8048.79	203.972
8178.97	195.245
8311.26	186.874
8445.69	178.846
8582.29	171.149
8721.11	163.767
8862.16	156.693
9005.5	149.905
9151.16	143.402
9299.17	137.172
9449.58	131.2
9602.42	125.474
9757.73	119.994
9915.55	114.739
10075.9	109.708
10238.9	104.892
10404.5	100.279
10572.8	95.862
10743.8	91.6335
10917.6	87.5858
11094.2	83.7117
11273.6	80.0026
11455.9	76.4527
11641.2	73.0565
11829.5	69.8069
12020.8	66.6974
12215.3	63.7236
12412.9	60.8775
12613.6	58.1561
12817.6	55.5529
13025	53.064
13235.6	50.6828
13449.7	48.4065
13667.2	46.2296
13888.3	44.1488
14112.9	42.1591
14341.2	40.2574
14573.1	38.4392
14808.9	36.7021
15048.4	35.0412
15291.8	33.454
15539.1	31.9372
15790.4	30.4877
16045.8	29.1028
16305.4	27.7798
16569.1	26.5156
16837.1	25.3078
17109.4	24.154
17386.1	23.0518
17667.4	21.9993
17953.1	20.9937
18243.5	20.0334
18538.6	19.1163
18838.4	18.2403
19143.1	17.4038
19452.7	16.6051
19767.4	15.8425
20087.1	15.1143
20412	14.4191
20742.1	13.7553
21077.6	13.1216
21418.5	12.5166
21765	11.9392
22117	11.388
22474.7	10.8618
22838.2	10.3596
23207.6	9.88029
23583	9.42284
23964.4	8.98624
24352	8.56962
24745.9	8.17206
25146.1	7.7927
25552.9	7.43065
25966.2	7.08524
26386.1	6.7556
26812.9	6.44114
27246.6	6.14113
27687.3	5.8549
28135.1	5.58185
28590.2	5.32137
29052.6	5.07286
29522.5	4.83583
30000	4.60972
