10	44071.4
10.1617	45262.1
10.3261	46484.1
10.4931	47645.1
10.6628	48674.9
10.8353	49726.5
11.0106	50800.5
11.1886	51899.3
11.3696	53020.4
11.5535	54165.9
11.7404	55190.7
11.9303	55832.4
12.1232	56481.7
12.3193	57138.1
12.5186	57802.1
12.721	58474.5
12.9268	59153.9
13.1359	59841.3
13.3483	60537.4
13.5642	61241.2
13.7836	61952.9
14.0066	62672.6
14.2331	63401.4
14.4633	64138.5
14.6973	64883.5
14.935	65637.9
15.1765	66401.3
15.422	67172.8
15.6714	67559.5
15.9249	67917
16.1825	68276.4
16.4442	68638.1
16.7102	69001.4
16.9805	69210.5
17.2551	68876.1
17.5342	68543.2
17.8178	68212
18.106	67882.3
18.3989	67554.2
18.6964	67227.9
18.9988	66891.6
19.3061	66180.7
19.6184	65477.3
19.9357	64781.5
20.2582	64093
20.5858	63411.9
20.9188	62439.5
21.2571	60951.5
21.6009	59498.9
21.9503	58081
22.3053	56702
22.6661	55686
23.0327	54688.1
23.4053	53708.1
23.7838	52745.7
24.1685	51063.2
24.5594	49044.4
24.9566	47105.4
25.3603	45275.2
25.7705	43796.8
26.1873	42366.5
26.6109	40983
27.0413	39644.7
27.4786	38425.1
27.9231	37360.8
28.3747	36325.9
28.8337	35319.6
29.3	34175.5
29.7739	32854.6
30.2555	31584.8
30.7449	30364.2
31.2421	29251.9
31.7475	28316.6
32.2609	27411
32.7827	26623.1
33.313	26068.7
33.8518	25525.7
34.3993	24994
34.9557	24945.6
35.5211	25323.6
36.0956	25707.4
36.6794	26097
37.2727	26686
37.8755	27742.3
38.4882	28840.1
39.1107	29981.7
39.7433	32782.8
40.3861	36145.9
41.0393	39854.8
41.7031	43944
42.3776	48453
43.063	53424.6
43.7595	57937.9
44.4673	61372.9
45.1865	65012
45.9174	68631.3
46.66	72220.4
47.4147	75995.7
48.1816	77919.2
48.9609	78663.3
49.7528	79414.1
50.5576	80172.1
51.3753	80900.8
52.2062	81002.5
53.0506	81104.1
53.9087	81206
54.7806	81138
55.6667	77643.8
56.567	74300.2
57.482	70874.5
58.4117	66932.7
59.3564	63210.1
60.3165	59683.1
61.2921	56178.7
62.2834	52880.1
63.2908	49775.1
64.3145	46992.9
65.3547	44488.2
66.4118	42117.7
67.4859	39873
68.5775	37748.3
69.6867	36055.8
70.8138	34595.6
71.9592	33194.8
73.123	31850.5
74.3057	30560.8
75.5076	29323.3
76.7289	28230.5
77.9699	27195.5
79.231	26198.5
80.5125	25238.1
81.8147	24312.8
83.138	23681.5
84.4827	23079.7
85.8492	22493.4
87.2377	21921.9
88.6487	21364.9
90.0825	20830.5
91.5395	20379.4
93.0201	19938
94.5247	19506.1
96.0535	19083.7
97.6071	18672.4
99.1858	18456.8
100.79	18243.6
102.42	18033
104.077	17958.4
105.76	17978.4
107.471	17998.2
109.209	18018.1
110.975	18058.5
112.77	18175.6
114.594	18293.4
116.448	18411.9
118.331	18511.1
120.245	18584.8
122.19	18658.7
124.166	18733
126.175	18807.5
128.215	18884.6
130.289	18961.8
132.397	19039.3
134.538	19117.2
136.714	19195.5
138.925	19274
141.172	19352.9
143.456	19316.7
145.776	19254.2
148.134	19191.6
150.53	19129.3
152.964	19131.3
155.439	19203.9
157.953	19276.7
160.507	19350
163.103	19423.6
165.742	19453.3
168.422	19477.6
171.146	19501.9
173.915	19526.2
176.727	19496.2
179.586	19459.7
182.491	19423.4
185.442	19387.2
188.442	19371.5
191.49	19364.2
194.587	19356.9
197.734	19349.6
200.932	19342.3
204.182	19334.9
207.485	19309.2
210.84	19280
214.251	19251
217.716	19221.9
221.237	19192.9
224.816	19163.9
228.452	19134.9
232.147	19106
235.902	19077.2
239.717	19048.4
243.595	19019.6
247.535	18990.9
251.538	18962.3
255.607	18933.6
259.741	18905.1
263.942	18876.6
268.211	18848.1
272.549	18641.9
276.957	18430
281.437	18220.5
285.989	18013.4
290.615	17808.7
295.315	17606.2
300.092	17406
304.945	17199.8
309.878	16982.5
314.89	16767.9
319.983	16556
325.158	16346.8
330.418	16140.2
335.762	15936.2
341.192	15730
346.711	15522.8
352.319	15318.3
358.017	15116.5
363.808	14917.4
369.692	14723.8
375.672	14573.6
381.748	14425
387.922	14277.8
394.197	14132.1
400.573	13988
407.052	13845.3
413.635	13704
420.326	13573.4
427.124	13445.2
434.032	13318.3
441.052	13192.6
448.186	13068
455.435	12891.3
462.802	12677.9
470.287	12449
477.894	12223.9
485.623	12002.7
493.478	11785.7
501.459	11573
509.57	11363.9
517.812	11155.5
526.187	10941.1
534.698	10712.1
543.346	10479
552.134	10251.7
561.065	10023.8
570.14	9804.64
579.361	9633.85
588.732	9477.44
598.254	9330.79
607.93	9186.42
617.763	9044.2
627.755	8901.78
637.909	8732.82
648.226	8525.29
658.711	8295.75
669.365	8072.35
680.191	7867.41
691.193	7677.02
702.372	7492.49
713.733	7299.33
725.277	7102.3
737.008	6910.62
748.928	6724.04
761.042	6542.32
773.351	6363.96
785.859	6185.43
798.57	6007.82
811.486	5835.23
824.611	5667.58
837.949	5504.72
851.502	5345.47
865.274	5189.71
879.269	5037.55
893.491	4889.83
907.942	4746.36
922.628	4607.03
937.551	4469.6
952.715	4335.64
968.124	4205.16
983.783	4078.6
999.695	3955.46
1015.86	3835.67
1032.29	3716.17
1048.99	3599.57
1065.96	3485.71
1083.2	3375.37
1100.72	3268.5
1118.52	3164.97
1136.61	3064.61
1155	2967.46
1173.68	2873.36
1192.66	2782.2
1211.95	2693.91
1231.55	2608.4
1251.47	2524.32
1271.72	2441.62
1292.28	2359.95
1313.19	2281.06
1334.43	2204.76
1356.01	2130.92
1377.94	2059.55
1400.23	1990.55
1422.88	1923.84
1445.89	1859.35
1469.28	1796.91
1493.04	1736.34
1517.19	1677.24
1541.73	1620.08
1566.67	1564.86
1592.01	1511.46
1617.76	1459.87
1643.92	1410.03
1670.51	1361.81
1697.53	1315.25
1724.99	1270.3
1752.89	1226.34
1781.24	1183.79
1810.05	3464.03
1839.32	3356.14
1869.07	3251.62
1899.3	4638.31
1930.02	4460.98
1961.24	4290.43
1992.96	4126.35
2025.2	3969.47
2057.95	3817.56
2091.24	3671.51
2125.06	3531.07
2159.43	3395.92
2194.36	3266.01
2229.85	3141.03
2265.92	3020.8
2302.57	3381.38
2339.81	3244.18
2377.66	3112.53
2416.11	2986.28
2455.19	2865.09
2494.9	2748.98
2535.26	2637.5
2576.26	2703.68
2617.93	2597.1
2660.27	2494.82
2703.3	2396.71
2747.03	2302.39
2791.46	2211.8
2836.61	2221.77
2882.49	2138.74
2929.11	2058.58
2976.48	1981.22
3024.63	1906.62
3073.55	1834.59
3123.26	1765.03
3173.78	1698.02
3225.11	1633.37
3277.27	1571.09
3330.28	1511.03
3384.15	1453.18
3438.88	1397.41
3494.5	1343.75
3551.02	1291.96
3608.46	1242.14
3666.82	1194.17
3726.13	1148
3786.4	1103.51
3847.64	1060.72
3909.87	1019.54
3973.11	979.884
4037.37	941.718
4102.68	905.005
4169.03	869.671
4236.46	835.688
4304.99	802.987
4374.62	771.531
4445.37	741.271
4517.27	712.169
4590.34	684.175
4664.58	657.262
4740.03	631.379
4816.69	606.484
4894.6	582.542
4973.77	559.526
5054.21	537.4
5135.96	516.133
5219.03	495.674
5303.44	476.012
5389.22	457.118
5476.39	438.951
5564.97	421.498
5654.98	404.709
5746.44	388.584
5839.38	373.084
5933.83	358.191
6029.81	343.88
6127.33	330.131
6226.44	316.917
6327.15	304.219
6429.48	292.024
6533.48	280.299
6639.15	269.046
6746.53	258.229
6855.65	247.837
6966.54	237.855
7079.22	228.272
7193.72	219.065
7310.07	210.216
7428.31	201.724
7548.45	193.56
7670.54	185.726
7794.61	178.198
7920.68	170.975
8048.79	164.03
8178.97	157.36
8311.26	150.959
8445.69	144.808
8582.29	138.903
8721.11	133.237
8862.16	127.797
9005.5	122.567
9151.16	117.547
9299.17	112.724
9449.58	108.097
9602.42	103.655
9757.73	99.3918
9915.55	95.2899
10075.9	91.4621
10238.9	226.138
10404.5	216.145
10572.8	206.594
10743.8	197.464
10917.6	188.739
11094.2	180.399
11273.6	172.426
11455.9	164.805
11641.2	220.826
11829.5	211.52
12020.8	202.605
12215.3	222.969
12412.9	214.134
12613.6	205.624
12817.6	197.428
13025	189.54
13235.6	181.944
13449.7	174.636
13667.2	167.602
13888.3	160.837
14112.9	154.328
14341.2	148.071
14573.1	142.053
14808.9	136.27
15048.4	130.709
15291.8	125.366
15539.1	120.231
15790.4	115.297
16045.8	110.558
16305.4	106.007
16569.1	101.635
16837.1	97.4376
17109.4	93.4069
17386.1	89.5374
17667.4	85.8238
17953.1	82.2584
18243.5	78.8372
18538.6	75.5541
18838.4	72.4034
19143.1	69.3808
19452.7	66.481
19767.4	63.6998
20087.1	61.0316
20412	58.4727
20742.1	56.0184
21077.6	53.6651
21418.5	51.4086
21765	49.2452
22117	47.1708
22474.7	45.1822
22838.2	43.2758
23207.6	41.4485
23583	39.6971
23964.4	38.0184
24352	36.4095
24745.9	34.8679
25146.1	33.3905
25552.9	31.9748
25966.2	30.6182
26386.1	29.3183
26812.9	28.0731
27246.6	26.88
27687.3	25.7371
28135.1	24.642
28590.2	23.5933
29052.6	22.5884
29522.5	21.6261
30000	20.7043
