10	90764.2
10.1617	90633.3
10.3261	90502.7
10.4931	90372.1
10.6628	90241.9
10.8353	90111.8
11.0106	89836.5
11.1886	88471.2
11.3696	87126.3
11.5535	85802.2
11.7404	84497.7
11.9303	83213.5
12.1232	81948.6
12.3193	79672.3
12.5186	77228.3
12.721	74858.3
12.9268	72562.1
13.1359	70335.7
13.3483	68177.3
13.5642	66060.2
13.7836	62789.9
14.0066	59681.9
14.2331	56727.1
14.4633	53918.6
14.6973	51184.1
14.935	48557.3
15.1765	46065
15.422	43701.2
15.6714	41458.2
15.9249	39309.2
16.1825	37253.2
16.4442	35304.7
16.7102	33458.2
16.9805	31708.2
17.2551	30213.5
17.5342	28893.7
17.8178	27631.6
18.106	26424.6
18.3989	25270.4
18.6964	24166.5
18.9988	23480.2
19.3061	22977.2
19.6184	22485.1
19.9357	22003.5
20.2582	21532.2
20.5858	21200.2
20.9188	21186.8
21.2571	21173.5
21.6009	21160.2
21.9503	21297.3
22.3053	21770
22.6661	22253.1
23.0327	22746.9
23.4053	23280.3
23.7838	24528.2
24.1685	25842.8
24.5594	27228
24.9566	28687.5
25.3603	30934.1
25.7705	35496.6
26.1873	40733
26.6109	46740.6
27.0413	57768
27.4786	83216.8
27.9231	119864
28.3747	172663
28.8337	234926
29.3	247050
29.7739	259795
30.2555	273194
30.7449	280255
31.2421	281477
31.7475	282701
32.2609	283933
32.7827	279632
33.313	273613
33.8518	267723
34.3993	261074
34.9557	245954
35.5211	231711
36.0956	218291
36.6794	205649
37.2727	193739
37.8755	182519
38.4882	171950
39.1107	161992
39.7433	152609
40.3861	143772
41.0393	135446
41.7031	127602
42.3776	119546
43.063	109062
43.7595	99498.3
44.4673	90773.5
45.1865	82813.3
45.9174	75551.7
46.66	68926
47.4147	62881.9
48.1816	57367.7
48.9609	52337.3
49.7528	47747.6
50.5576	43561.1
51.3753	39741
52.2062	36256
53.0506	33051.6
53.9087	29961.1
54.7806	27159.5
55.6667	24619.9
56.567	22317.6
57.482	20230.8
58.4117	18339
59.3564	16624.1
60.3165	15069.7
61.2921	13660.5
62.2834	12474.6
63.2908	11616.1
64.3145	10816.5
65.3547	10072
66.4118	9378.75
67.4859	8733.13
68.5775	8132.09
69.6867	7572.34
70.8138	7051.12
71.9592	6652.7
73.123	6319.3
74.3057	6002.59
75.5076	5701.77
76.7289	5437.63
77.9699	5326.81
79.231	5218.25
80.5125	5111.9
81.8147	5007.73
83.138	4905.68
84.4827	4805.7
85.8492	4764.63
87.2377	4764.65
88.6487	4764.68
90.0825	4764.71
91.5395	4764.73
93.0201	4764.76
94.5247	4764.79
96.0535	4780.06
97.6071	4807.61
99.1858	4835.31
100.79	4863.21
102.42	4891.22
104.077	4916.21
105.76	4914.46
107.471	4912.67
109.209	4910.89
110.975	4909.12
112.77	4908.33
114.594	4913.1
116.448	4917.83
118.331	4922.61
120.245	4927.38
122.19	4932.15
124.166	4945.98
126.175	4969.33
128.215	4992.89
130.289	5018.58
132.397	5073.85
134.538	5129.79
136.714	5186.34
138.925	5321.69
141.172	5482.33
143.456	5690.07
145.776	6060.17
148.134	6563.15
150.53	6905.66
152.964	7101.52
155.439	7274.35
157.953	7665.5
160.507	8262.76
163.103	8958.04
165.742	9914.44
168.422	11207.9
171.146	12647.9
173.915	14054.6
176.727	15618.9
179.586	17356.3
182.491	18783.8
185.442	20279.7
188.442	21894
191.49	23278.1
194.587	24259.5
197.734	25161
200.932	26075.6
204.182	26807.7
207.485	27153.3
210.84	27503.4
214.251	27857.8
217.716	28216.8
221.237	28580.7
224.816	28943.6
228.452	29182.5
232.147	29423.7
235.902	29666.5
239.717	29911.5
243.595	30042.7
247.535	30116.1
251.538	30189.8
255.607	30263.6
259.741	30336.2
263.942	30371.1
268.211	30406
272.549	30440.9
276.957	30475.9
281.437	30510.7
285.989	30541.1
290.615	30484.1
295.315	30427.2
300.092	30370.4
304.945	30313.7
309.878	30202.5
314.89	29975.9
319.983	29750.8
325.158	29527.5
330.418	29305.9
335.762	29086
341.192	28867.7
346.711	28621.3
352.319	28262.1
358.017	27907.4
363.808	27557.3
369.692	27211.4
375.672	26870
381.748	26489.3
387.922	25923.3
394.197	25369.5
400.573	24827.6
407.052	24297.2
413.635	23609.9
420.326	22844.7
427.124	22104.2
434.032	21387.7
441.052	20694.5
448.186	20023.8
455.435	19374.7
462.802	18746.8
470.287	18180.1
477.894	17634
485.623	17104.3
493.478	16590.6
501.459	16092.2
509.57	15608.8
517.812	15140
526.187	14685.2
534.698	14244.2
543.346	13806.5
552.134	13382.3
561.065	12971
570.14	12572.6
579.361	12186.3
588.732	11811.8
598.254	11448.9
607.93	11097.1
617.763	10756.1
627.755	10425.6
637.909	10105.4
648.226	9794.85
658.711	9486.92
669.365	9151.37
680.191	8827.64
691.193	8515.41
702.372	8214.16
713.733	7923.62
725.277	7643.36
737.008	7372.98
748.928	7112.16
761.042	6860.6
773.351	6617.92
785.859	6383.93
798.57	6158.28
811.486	5940.63
824.611	5730.66
837.949	5528.11
851.502	5332.73
865.274	5144.24
879.269	4962.42
893.491	4787.03
907.942	4617.83
922.628	4445.62
937.551	4276.62
952.715	4114.04
968.124	3957.64
983.783	3807.19
999.695	3662.46
1015.86	3523.21
1032.29	3389.27
1048.99	3258.36
1065.96	3137.29
1083.2	3020.68
1100.72	2908.42
1118.52	2800.32
1136.61	2696.24
1155	2596.06
1173.68	2499.57
1192.66	2406.67
1211.95	2317.22
1231.55	2231.1
1251.47	2148.18
1271.72	2068.37
1292.28	1991.5
1313.19	1917.48
1334.43	1846.22
1356.01	1777.6
1377.94	1711.53
1400.23	1647.93
1422.88	1586.69
1445.89	1527.71
1469.28	1470.94
1493.04	1416.27
1517.19	1364.61
1541.73	1316.15
1566.67	1269.41
1592.01	1224.32
1617.76	1180.84
1643.92	1138.9
1670.51	1098.45
1697.53	1059.43
1724.99	1021.81
1752.89	985.517
1781.24	950.513
1810.05	916.753
1839.32	884.189
1869.07	850.572
1899.3	816.849
1930.02	784.462
1961.24	753.36
1992.96	723.491
2025.2	694.808
2057.95	667.258
2091.24	2488.19
2125.06	2363.7
2159.43	3069.93
2194.36	2978.56
2229.85	2889.93
2265.92	2803.91
2302.57	2702.47
2339.81	2593.86
2377.66	2802.41
2416.11	2705.3
2455.19	2611.56
2494.9	2521.07
2535.26	2433.74
2576.26	2349.4
2617.93	2268
2660.27	2189.41
2703.3	2113.55
2747.03	2040.32
2791.46	1969.63
2836.61	1895.23
2882.49	1817.15
2929.11	1742.29
2976.48	1670.52
3024.63	1601.7
3073.55	1535.72
3123.26	1472.45
3173.78	1411.8
3225.11	1353.64
3277.27	1297.87
3330.28	1244.4
3384.15	1193.93
3438.88	1145.79
3494.5	1099.58
3551.02	1055.25
3608.46	1012.7
3666.82	971.859
3726.13	932.671
3786.4	895.062
3847.64	858.325
3909.87	822.545
3973.11	788.257
4037.37	755.4
4102.68	723.913
4169.03	693.735
4236.46	666.613
4304.99	640.551
4374.62	615.511
4445.37	591.446
4517.27	568.321
4590.34	546.102
4664.58	524.753
4740.03	504.237
4816.69	484.523
4894.6	465.58
4973.77	446.6
5054.21	427.95
5135.96	410.078
5219.03	392.952
5303.44	376.542
5389.22	360.817
5476.39	345.748
5564.97	331.31
5654.98	317.474
5746.44	304.216
5839.38	291.512
5933.83	279.337
6029.81	267.673
6127.33	256.494
6226.44	245.783
6327.15	235.519
6429.48	225.683
6533.48	216.258
6639.15	207.198
6746.53	198.518
6855.65	190.201
6966.54	182.233
7079.22	174.599
7193.72	167.284
7310.07	160.275
7428.31	153.561
7548.45	147.128
7670.54	140.964
7794.61	135.059
7920.68	129.401
8048.79	123.98
8178.97	118.56
8311.26	113.145
8445.69	107.977
8582.29	103.045
8721.11	98.3386
8862.16	93.8471
9005.5	89.5611
9151.16	85.47
9299.17	81.5668
9449.58	77.8409
9602.42	74.2859
9757.73	70.8931
9915.55	67.7294
10075.9	64.7881
10238.9	61.9748
10404.5	59.2829
10572.8	56.7073
10743.8	54.243
10917.6	51.886
11094.2	49.6307
11273.6	47.473
11455.9	45.4087
11641.2	43.4342
11829.5	41.5451
12020.8	39.7379
12215.3	38.0099
12412.9	36.3559
12613.6	34.7743
12817.6	33.2612
13025	31.8142
13235.6	30.4294
13449.7	29.1052
13667.2	27.8382
13888.3	26.6266
14112.9	25.4674
14341.2	24.3588
14573.1	23.2981
14808.9	22.2839
15048.4	21.3135
15291.8	20.3854
15539.1	19.4975
15790.4	18.6482
16045.8	17.8359
16305.4	17.0591
16569.1	16.3158
16837.1	15.605
17109.4	102.645
17386.1	98.6063
17667.4	94.709
17953.1	90.9479
18243.5	87.321
18538.6	83.8241
18838.4	80.453
19143.1	77.2052
19452.7	74.0767
19767.4	71.0643
20087.1	68.1637
20412	65.3723
20742.1	62.6859
21077.6	60.1018
21418.5	57.6164
21765	55.227
22117	52.9295
22474.7	50.7215
22838.2	48.5996
23207.6	46.5613
23583	44.6033
23964.4	42.7227
24352	40.9172
24745.9	39.1838
25146.1	37.52
25552.9	35.9231
25966.2	34.391
26386.1	32.9209
26812.9	31.5108
27246.6	30.1583
27687.3	28.8616
28135.1	27.6179
28590.2	26.4258
29052.6	25.2828
29522.5	24.1875
30000	23.1379
