10	142648
10.1617	134195
10.3261	126247
10.4931	118766
10.6628	111729
10.8353	105111
11.0106	98884.9
11.1886	93915.2
11.3696	89302.9
11.5535	84916.2
11.7404	80746.2
11.9303	76419.6
12.1232	72124.7
12.3193	68072.7
12.5186	66772.4
12.721	65792
12.9268	64842.8
13.1359	64407.9
13.3483	63975.8
13.5642	63546.7
13.7836	63105.8
14.0066	62659.8
14.2331	62217.8
14.4633	61778.3
14.6973	61341.7
14.935	60908.7
15.1765	60478.7
15.422	60051.4
15.6714	59627.4
15.9249	59206
16.1825	59513.4
16.4442	59868.2
16.7102	60224.9
16.9805	60583.8
17.2551	60945.5
17.5342	61308.7
17.8178	61674.2
18.106	62041.6
18.3989	62411.3
18.6964	62784
18.9988	63158.1
19.3061	63534.8
19.6184	63913.1
19.9357	64294.5
20.2582	64880.7
20.5858	65482.6
20.9188	66089.5
21.2571	66702.8
21.6009	67321.4
21.9503	67945.7
22.3053	68575.7
22.6661	69211.3
23.0327	69853.4
23.4053	70500.8
23.7838	71154.7
24.1685	71814.5
24.5594	72480.4
24.9566	73152.7
25.3603	73830.9
25.7705	74515.4
26.1873	75206.3
26.6109	75931.3
27.0413	76664.1
27.4786	77404.6
27.9231	78151.4
28.3747	78905.9
28.8337	79667.2
29.3	80436.4
29.7739	81212.9
30.2555	81996.8
30.7449	82787.9
31.2421	83587.2
31.7475	84393.8
32.2609	85208.8
32.7827	86031.2
33.313	86861.4
33.8518	87529.6
34.3993	88033.7
34.9557	88540.5
35.5211	89050.2
36.0956	89562.9
36.6794	90078.9
37.2727	90597.4
37.8755	91119.1
38.4882	91643.6
39.1107	92171.2
39.7433	92702.2
40.3861	93235.7
41.0393	93772.6
41.7031	94312.5
42.3776	94855.6
43.063	95401.9
43.7595	95951.1
44.4673	96212.5
45.1865	95814
45.9174	95416.9
46.66	95021.7
47.4147	94628
48.1816	94236.1
48.9609	93845.7
49.7528	93456.8
50.5576	93069.5
51.3753	92684
52.2062	92300.1
53.0506	91917.5
53.9087	91536.8
54.7806	91157.6
55.6667	90779.8
56.567	90403.7
57.482	90029.1
58.4117	89656.2
59.3564	89147.4
60.3165	88474
61.2921	87805.8
62.2834	87142.8
63.2908	86484.5
64.3145	85831.4
65.3547	85183.2
66.4118	84539.7
67.4859	83901.3
68.5775	83267.7
69.6867	82638.8
70.8138	82014.6
71.9592	81395.3
73.123	80780.6
74.3057	80169.2
75.5076	79470.4
76.7289	78777.7
77.9699	78091.1
79.231	77410.4
80.5125	76735.7
81.8147	76066.7
83.138	75403.8
84.4827	74749.8
85.8492	74295.9
87.2377	73844.4
88.6487	73396.4
90.0825	72950.4
91.5395	72507.7
93.0201	72067.5
94.5247	71629.8
96.0535	71194.4
97.6071	70762
99.1858	70332.5
100.79	69905.2
102.42	69481.2
104.077	69059
105.76	68639.5
107.471	68179.8
109.209	67566
110.975	66958.6
112.77	66356.2
114.594	65759.4
116.448	65167.4
118.331	64581.6
120.245	64000.5
122.19	63424.7
124.166	62854.1
126.175	62011.2
128.215	60888.2
130.289	59785.7
132.397	58703.4
134.538	57640.4
136.714	56596.8
138.925	56883.3
141.172	57551
143.456	58226.5
145.776	58591.1
148.134	57719.3
150.53	56860.5
152.964	56014.4
155.439	55180.7
157.953	54359.5
160.507	53550.8
163.103	52754.1
165.742	51969.1
168.422	51195.4
171.146	50434
173.915	49683.4
176.727	48943.9
179.586	48215.8
182.491	47388.7
185.442	46440.8
188.442	45511.5
191.49	44600.8
194.587	43708.8
197.734	42834.4
200.932	41977.4
204.182	41137.5
207.485	40314.3
210.84	39507.8
214.251	38458.2
217.716	37322.6
221.237	36220.4
224.816	35150.8
228.452	34112.7
232.147	33201.9
235.902	32316.9
239.717	31455.1
243.595	30616.6
247.535	29800.5
251.538	29006
255.607	28232.7
259.741	27480.1
263.942	26747.4
268.211	26034.3
272.549	25340.3
276.957	24664.7
281.437	24007.1
285.989	23367.1
290.615	22744.4
295.315	22137.8
300.092	21547.7
304.945	20948.4
309.878	20347.3
314.89	19763.4
319.983	19196.2
325.158	18645.3
330.418	18110.2
335.762	17590.5
341.192	17085.6
346.711	16595.3
352.319	16119.1
358.017	15656.5
363.808	15207.2
369.692	14770.7
375.672	14346.9
381.748	13908
387.922	13426.7
394.197	12962
400.573	12513.4
407.052	12080.4
413.635	11662.3
420.326	11258.7
427.124	10869
434.032	10492.8
441.052	10129.7
448.186	9779.14
455.435	9440.7
462.802	9098.92
470.287	8742.77
477.894	8400.57
485.623	8071.75
493.478	7755.8
501.459	7452.23
509.57	7160.53
517.812	6880.27
526.187	6610.95
534.698	6352.19
543.346	6103.55
552.134	5864.64
561.065	5657
570.14	5455.8
579.361	5266.07
588.732	5084.25
598.254	4909.51
607.93	4740.7
617.763	4577.75
627.755	4420.15
637.909	4264.86
648.226	4110.65
658.711	3959.21
669.365	3813.31
680.191	3681.89
691.193	3561.94
702.372	3448.07
713.733	3334.34
725.277	3221.99
737.008	3113.41
748.928	3008.53
761.042	2907.06
773.351	2807.53
785.859	2706.51
798.57	2605.19
811.486	2507.65
824.611	2413.75
837.949	2323.36
851.502	2236.45
865.274	2152.84
879.269	2072.4
893.491	1995.02
907.942	1920.52
922.628	1848.78
937.551	1784.86
952.715	1724.44
968.124	1667.16
983.783	1611.79
999.695	1558.4
1015.86	1506.92
1032.29	10661.9
1048.99	10368
1065.96	10082.2
1083.2	9803.71
1100.72	9533.02
1118.52	9269.94
1136.61	9014.08
1155	8765.29
1173.68	8523.34
1192.66	8288.12
1211.95	8059.35
1231.55	7836.84
1251.47	7596.36
1271.72	7337.47
1292.28	7056.52
1313.19	6786.34
1334.43	6526.52
1356.01	6276.69
1377.94	6036.39
1400.23	5805.31
1422.88	5583.03
1445.89	5369.31
1469.28	5163.51
1493.04	4965.24
1517.19	4773.43
1541.73	4588.85
1566.67	4411.42
1592.01	4240.8
1617.76	4076.8
1643.92	3919.12
1670.51	3767.55
1697.53	3621.85
1724.99	3481.79
1752.89	3344.46
1781.24	3211.69
1810.05	3083.62
1839.32	2960.6
1869.07	2842.48
1899.3	2729.07
1930.02	2620.2
1961.24	2515.71
1992.96	2415.4
2025.2	2320.12
2057.95	2226.55
2091.24	2136.47
2125.06	2049.89
2159.43	1966.68
2194.36	1886.74
2229.85	1809.81
2265.92	1735.98
2302.57	1665.05
2339.81	1596.79
2377.66	1531.33
2416.11	1468.4
2455.19	1407.99
2494.9	1350
2535.26	1294.32
2576.26	1240.85
2617.93	1189.51
2660.27	1140.29
2703.3	1093
2747.03	1047.63
2791.46	1004.09
2836.61	962.335
2882.49	922.258
2929.11	883.806
2976.48	846.921
3024.63	811.55
3073.55	777.614
3123.26	745.065
3173.78	713.85
3225.11	683.921
3277.27	655.217
3330.28	627.696
3384.15	601.315
3438.88	576.02
3494.5	551.768
3551.02	528.521
3608.46	506.234
3666.82	484.875
3726.13	464.402
3786.4	444.776
3847.64	425.966
3909.87	407.941
3973.11	390.659
4037.37	374.111
4102.68	358.244
4169.03	343.041
4236.46	328.475
4304.99	314.522
4374.62	301.144
4445.37	288.332
4517.27	276.059
4590.34	264.292
4664.58	253.029
4740.03	242.232
4816.69	231.892
4894.6	221.987
4973.77	212.5
5054.21	203.413
5135.96	194.703
5219.03	186.361
5303.44	178.37
5389.22	170.718
5476.39	163.384
5564.97	156.366
5654.98	149.647
5746.44	143.205
5839.38	137.034
5933.83	131.126
6029.81	125.47
6127.33	120.052
6226.44	114.859
6327.15	109.89
6429.48	105.134
6533.48	100.573
6639.15	96.2078
6746.53	92.0275
6855.65	88.0244
6966.54	84.1908
7079.22	80.5199
7193.72	77.0042
7310.07	73.6379
7428.31	70.4144
7548.45	67.3274
7670.54	64.3723
7794.61	61.5427
7920.68	58.8326
8048.79	56.2374
8178.97	53.7531
8311.26	51.374
8445.69	49.0969
8582.29	46.9158
8721.11	44.8276
8862.16	42.8286
9005.5	40.9152
9151.16	39.0827
9299.17	37.328
9449.58	35.6484
9602.42	34.0406
9757.73	252.754
9915.55	242.798
10075.9	233.217
10238.9	223.973
10404.5	215.056
10572.8	206.459
10743.8	198.17
10917.6	190.184
11094.2	182.49
11273.6	175.078
11455.9	167.943
11641.2	161.075
11829.5	154.466
12020.8	148.107
12215.3	141.992
12412.9	136.11
12613.6	130.456
12817.6	125.021
13025	119.799
13235.6	114.78
13449.7	109.959
13667.2	105.328
13888.3	100.883
14112.9	96.6137
14341.2	92.5165
14573.1	88.5829
14808.9	84.81
15048.4	81.1888
15291.8	77.715
15539.1	74.3827
15790.4	71.187
16045.8	68.123
16305.4	65.1855
16569.1	62.369
16837.1	59.6694
17109.4	57.0823
17386.1	54.6028
17667.4	52.2277
17953.1	49.9517
18243.5	47.7715
18538.6	45.6832
18838.4	43.6831
19143.1	41.7676
19452.7	39.9336
19767.4	38.1778
20087.1	36.4968
20412	34.8876
20742.1	33.3471
21077.6	31.8727
21418.5	30.4619
21765	29.112
22117	27.8202
22474.7	26.5842
22838.2	25.4017
23207.6	24.2705
23583	23.1886
23964.4	22.1537
24352	21.1639
24745.9	20.2174
25146.1	19.3123
25552.9	18.4468
25966.2	17.6192
26386.1	16.8279
26812.9	16.0716
27246.6	15.3485
27687.3	14.6573
28135.1	13.9966
28590.2	13.3652
29052.6	12.7617
29522.5	12.185
30000	11.6338
