10	189747
10.1617	193983
10.3261	198310
10.4931	202737
10.6628	205218
10.8353	205563
11.0106	205908
11.1886	206124
11.3696	203764
11.5535	201430
11.7404	199122
11.9303	196841
12.1232	194587
12.3193	191236
12.5186	187903
12.721	184627
12.9268	181409
13.1359	178248
13.3483	175141
13.5642	172088
13.7836	167917
14.0066	163758
14.2331	159702
14.4633	155746
14.6973	151889
14.935	148127
15.1765	144110
15.422	139837
15.6714	135689
15.9249	131666
16.1825	127762
16.4442	123973
16.7102	120296
16.9805	116247
17.2551	112334
17.5342	108553
17.8178	104899
18.106	101368
18.3989	97956.2
18.6964	95022.6
18.9988	92191.1
19.3061	89444.2
19.6184	86779
19.9357	84193.2
20.2582	81684.6
20.5858	79250.4
20.9188	76889.1
21.2571	74891.5
21.6009	73371.7
21.9503	71882.6
22.3053	70423.7
22.6661	68994.5
23.0327	67909.4
23.4053	67001.5
23.7838	66105.7
24.1685	65222
24.5594	64648.8
24.9566	64764.9
25.3603	64880.8
25.7705	65141.5
26.1873	67251.2
26.6109	69428.8
27.0413	71677.1
27.4786	74464.9
27.9231	77612.5
28.3747	80893.9
28.8337	84313.1
29.3	87878.1
29.7739	91593.4
30.2555	96061.2
30.7449	100925
31.2421	106038
31.7475	111407
32.2609	117050
32.7827	122979
33.313	129225
33.8518	135789
34.3993	142688
34.9557	149936
35.5211	157552
36.0956	165555
36.6794	169672
37.2727	173780
37.8755	177989
38.4882	182298
39.1107	184777
39.7433	184749
40.3861	184722
41.0393	184695
41.7031	180953
42.3776	172754
43.063	164926
43.7595	152848
44.4673	140527
45.1865	129197
45.9174	118783
46.66	109206
47.4147	100402
48.1816	92308.6
48.9609	84867.1
49.7528	78025.5
50.5576	71736
51.3753	65952.8
52.2062	60635.7
53.0506	55747.5
53.9087	51253.6
54.7806	47121.7
55.6667	43319.8
56.567	39769.5
57.482	36510.5
58.4117	33518.4
59.3564	30771.4
60.3165	28249.7
61.2921	25934.7
62.2834	23809.2
63.2908	21858
64.3145	20066.8
65.3547	18422.2
66.4118	16912.6
67.4859	15526.5
68.5775	14254.1
69.6867	13086
70.8138	12013.6
71.9592	11178.6
73.123	10536
74.3057	9930.34
75.5076	9359.53
76.7289	8821.49
77.9699	8314.41
79.231	7836.43
80.5125	7385.95
81.8147	7016.65
83.138	6709.68
84.4827	6416.16
85.8492	6135.43
87.2377	5867
88.6487	5610.34
90.0825	5432.3
91.5395	5331.32
93.0201	5232.23
94.5247	5134.95
96.0535	5039.53
97.6071	4945.85
99.1858	4948.47
100.79	4951.3
102.42	4954.11
104.077	4967.42
105.76	4988.12
107.471	5008.87
109.209	5029.85
110.975	5068.24
112.77	5106.88
114.594	5145.82
116.448	5185.05
118.331	5211.26
120.245	5220.49
122.19	5229.77
124.166	5239.08
126.175	5248.33
128.215	5257.71
130.289	5262.14
132.397	5265.03
134.538	5267.99
136.714	5270.95
138.925	5273.88
141.172	5263.06
143.456	5249.46
145.776	5276.98
148.134	5314.51
150.53	5352.3
152.964	5390.42
155.439	5428.71
157.953	5467.35
160.507	5506.26
163.103	5545.45
165.742	5675.77
168.422	5823.13
171.146	5974.25
173.915	6129.22
176.727	6416.98
179.586	6734.76
182.491	7068.29
185.442	7753.52
188.442	8572.54
191.49	9797.71
194.587	11197.1
197.734	12720.4
200.932	14409.5
204.182	16322.5
207.485	18023.6
210.84	19197.9
214.251	20447.7
217.716	21779.5
221.237	22711.7
224.816	23434.9
228.452	24168
232.147	24645.3
235.902	25131.9
239.717	25564.9
243.595	25778.8
247.535	25994.6
251.538	26225.1
255.607	26482
259.741	26741.6
263.942	26956.8
268.211	27002.6
272.549	27048.5
276.957	27094.5
281.437	27125
285.989	27151.2
290.615	27177.4
295.315	27203.9
300.092	27231.4
304.945	27230.7
309.878	27163.1
314.89	27095.8
319.983	27028.7
325.158	26907
330.418	26650.3
335.762	26396.1
341.192	26144.2
346.711	25894.8
352.319	25618.8
358.017	25344.6
363.808	25073.5
369.692	24805.3
375.672	24498.8
381.748	24155.2
387.922	23790.4
394.197	23407.7
400.573	23031.1
407.052	22660.6
413.635	22296
420.326	21916.9
427.124	21444.5
434.032	20982.3
441.052	20530
448.186	20087.5
455.435	19694.2
462.802	19315.8
470.287	18944.6
477.894	18580.7
485.623	18223.6
493.478	17873.4
501.459	17530
509.57	17193.2
517.812	16862.8
526.187	16538.8
534.698	16116.4
543.346	15679
552.134	15253.6
561.065	14839.7
570.14	14437
579.361	14045.2
588.732	13664.1
598.254	13293.3
607.93	12932.5
617.763	12581.6
627.755	12240.2
637.909	11905.5
648.226	11499.2
658.711	11106.8
669.365	10727.7
680.191	10361.6
691.193	10008
702.372	9666.41
713.733	9336.52
725.277	9017.91
737.008	8710.16
748.928	8412.86
761.042	8126.83
773.351	7854.21
785.859	7590.73
798.57	7336.08
811.486	7089.94
824.611	6852.13
837.949	6622.24
851.502	6351.78
865.274	6059.14
879.269	5779.98
893.491	5513.7
907.942	5259.67
922.628	5017.37
937.551	4786.19
952.715	4565.68
968.124	4372.79
983.783	4245.4
999.695	4121.71
1015.86	4001.62
1032.29	3885.04
1048.99	3771.87
1065.96	3644.91
1083.2	3511.74
1100.72	3383.73
1118.52	3260.39
1136.61	3141.53
1155	3027.05
1173.68	2916.77
1192.66	2810.45
1211.95	2707.99
1231.55	2609.25
1251.47	2513.45
1271.72	2420.46
1292.28	2330.02
1313.19	2242.92
1334.43	2159.09
1356.01	2078.41
1377.94	2000.72
1400.23	1925.94
1422.88	1853.93
1445.89	1784.64
1469.28	1717.91
1493.04	1653.56
1517.19	1591.3
1541.73	1531.32
1566.67	1473.58
1592.01	1418.02
1617.76	1364.56
1643.92	1313.15
1670.51	1263.64
1697.53	1216
1724.99	1170.2
1752.89	1125.8
1781.24	1082.97
1810.05	1041.67
1839.32	1001.93
1869.07	963.724
1899.3	926.984
1930.02	891.638
1961.24	857.643
1992.96	824.941
2025.2	793.791
2057.95	763.311
2091.24	733.945
2125.06	705.656
2159.43	678.42
2194.36	652.173
2229.85	2364.47
2265.92	2263.45
2302.57	2166.75
2339.81	2870.76
2377.66	2763.35
2416.11	2659.98
2455.19	2560.51
2494.9	2464.72
2535.26	2710.1
2576.26	2607.8
2617.93	2509.1
2660.27	2413.68
2703.3	2321.41
2747.03	2232.27
2791.46	2146.17
2836.61	2063.07
2882.49	1982.88
2929.11	1905.43
2976.48	1830.84
3024.63	1758.85
3073.55	1689.48
3123.26	1622.58
3173.78	1558.18
3225.11	1496.08
3277.27	1436.34
3330.28	1378.75
3384.15	1323.4
3438.88	1270.13
3494.5	1218.74
3551.02	1169.45
3608.46	1121.96
3666.82	1076.35
3726.13	1032.45
3786.4	990.264
3847.64	949.715
3909.87	910.747
3973.11	873.312
4037.37	837.344
4102.68	802.789
4169.03	769.607
4236.46	737.741
4304.99	707.142
4374.62	677.77
4445.37	649.569
4517.27	622.506
4590.34	596.534
4664.58	571.611
4740.03	547.693
4816.69	524.747
4894.6	502.736
4973.77	481.625
5054.21	461.376
5135.96	441.954
5219.03	423.324
5303.44	405.47
5389.22	388.347
5476.39	371.932
5564.97	356.195
5654.98	341.112
5746.44	326.646
5839.38	312.792
5933.83	299.514
6029.81	286.786
6127.33	274.59
6226.44	262.905
6327.15	251.705
6429.48	240.975
6533.48	230.702
6639.15	220.85
6746.53	211.422
6855.65	202.388
6966.54	193.734
7079.22	185.447
7193.72	177.51
7310.07	169.906
7428.31	162.631
7548.45	155.655
7670.54	148.978
7794.61	142.585
7920.68	136.469
8048.79	130.605
8178.97	124.99
8311.26	119.617
8445.69	114.478
8582.29	109.549
8721.11	104.832
8862.16	100.319
9005.5	95.9987
9151.16	91.8613
9299.17	87.9021
9449.58	84.1112
9602.42	80.4835
9757.73	77.011
9915.55	73.6858
10075.9	70.5039
10238.9	67.4588
10404.5	64.5439
10572.8	61.7546
10743.8	59.0844
10917.6	56.529
11094.2	54.0835
11273.6	51.7421
11455.9	49.5017
11641.2	47.3576
11829.5	45.3058
12020.8	43.342
12215.3	41.4631
12412.9	39.6646
12613.6	37.9437
12817.6	36.2964
13025	34.7207
13235.6	33.212
13449.7	31.7686
13667.2	30.3871
13888.3	29.0655
14112.9	27.8004
14341.2	26.59
14573.1	25.4314
14808.9	24.3232
15048.4	23.2623
15291.8	22.2473
15539.1	21.2758
15790.4	20.3463
16045.8	19.4568
16305.4	18.6058
16569.1	17.7912
16837.1	17.0118
17109.4	16.266
17386.1	15.5522
17667.4	14.8694
17953.1	14.2159
18243.5	93.0668
18538.6	89.3394
18838.4	85.7467
19143.1	82.2859
19452.7	78.9522
19767.4	75.7429
20087.1	72.653
20412	69.6794
20742.1	66.8181
21077.6	64.0659
21418.5	61.4191
21765	58.8746
22117	56.4283
22474.7	54.0769
22838.2	51.8177
23207.6	49.6474
23583	47.5629
23964.4	45.5608
24352	43.6383
24745.9	41.793
25146.1	40.0218
25552.9	38.3217
25966.2	36.6905
26386.1	35.1253
26812.9	33.6241
27246.6	32.1842
27687.3	30.8035
28135.1	29.4793
28590.2	28.21
29052.6	26.9931
29522.5	25.8268
30000	24.7089
