10	486555
10.1617	469342
10.3261	452743
10.4931	436728
10.6628	421280
10.8353	406381
11.0106	392010
11.1886	379403
11.3696	369179
11.5535	359227
11.7404	349547
11.9303	340127
12.1232	330958
12.3193	322039
12.5186	313359
12.721	302398
12.9268	291198
13.1359	280413
13.3483	269762
13.5642	256854
13.7836	243659
14.0066	229443
14.2331	215584
14.4633	195489
14.6973	144262
14.935	94193.8
15.1765	62595.2
15.422	44461.8
15.6714	37021.9
15.9249	31925.3
16.1825	27530.3
16.4442	23443.8
16.7102	19927.2
16.9805	18049.1
17.2551	16367.3
17.5342	14976.4
17.8178	14074.8
18.106	13227.7
18.3989	12431.5
18.6964	11682.9
18.9988	10930.7
19.3061	10224.5
19.6184	9563.94
19.9357	8946.08
20.2582	8449.02
20.5858	8409.79
20.9188	8370.75
21.2571	8331.95
21.6009	8293.26
21.9503	8254.75
22.3053	8216.5
22.6661	8178.33
23.0327	8140.45
23.4053	8179.03
23.7838	8282.57
24.1685	8387.48
24.5594	8493.69
24.9566	8601.22
25.3603	8710.09
25.7705	8804.73
26.1873	8828.31
26.6109	8851.92
27.0413	8875.57
27.4786	8899.37
27.9231	8923.13
28.3747	8947.04
28.8337	8970.98
29.3	8994.97
29.7739	9019.05
30.2555	9043.16
30.7449	9067.36
31.2421	9091.63
31.7475	9115.93
32.2609	9140.34
32.7827	9151.69
33.313	9108.21
33.8518	9064.87
34.3993	9021.78
34.9557	8978.87
35.5211	8936.19
36.0956	8893.67
36.6794	8851.4
37.2727	8809.33
37.8755	8767.45
38.4882	8725.74
39.1107	8684.23
39.7433	8642.94
40.3861	8601.86
41.0393	8552.73
41.7031	8469.03
42.3776	8386.12
43.063	8304.03
43.7595	8222.75
44.4673	8142.26
45.1865	8062.57
45.9174	7983.62
46.66	7905.48
47.4147	7828.1
48.1816	7633.61
48.9609	7393.05
49.7528	7160.05
50.5576	6934.44
51.3753	6715.9
52.2062	6504.24
53.0506	6299.26
53.9087	6125.96
54.7806	5973.51
55.6667	5824.87
56.567	5679.91
57.482	5538.58
58.4117	5400.73
59.3564	5266.35
60.3165	5176.48
61.2921	5104.13
62.2834	5032.81
63.2908	4962.46
64.3145	5048.87
65.3547	5150.01
66.4118	5253.17
67.4859	5358.43
68.5775	5446.74
69.6867	5534.04
70.8138	5622.76
71.9592	5712.89
73.123	66137.5
74.3057	68800.1
75.5076	71569.8
76.7289	74450.8
77.9699	77448.4
79.231	80566.5
80.5125	83809.9
81.8147	86897.5
83.138	90082
84.4827	93383.1
85.8492	96805.2
87.2377	99138
88.6487	100112
90.0825	101095
91.5395	102087
93.0201	103090
94.5247	104102
96.0535	105125
97.6071	106157
99.1858	107199
100.79	108252
102.42	109315
104.077	110288
105.76	111017
107.471	111749
109.209	112488
110.975	113231
112.77	113979
114.594	114732
116.448	115489
118.331	116252
120.245	117020
122.19	117792
124.166	118570
126.175	117390
128.215	115687
130.289	114008
132.397	112354
134.538	110724
136.714	109118
138.925	107535
141.172	105975
143.456	104437
145.776	102922
148.134	101429
150.53	99957.6
152.964	98110.5
155.439	96286
157.953	94495.3
160.507	92737.9
163.103	91013.2
165.742	89320.6
168.422	87659.4
171.146	86029.2
173.915	84429.5
176.727	82859.1
179.586	80888.8
182.491	78032.8
185.442	75277
188.442	72619.1
191.49	70054.5
194.587	67581.1
197.734	65194.6
200.932	62892.1
204.182	60641.2
207.485	58471.1
210.84	56378.1
214.251	54360.5
217.716	52414.9
221.237	50538.9
224.816	48803.2
228.452	47306.9
232.147	45856.5
235.902	44450.6
239.717	43087.7
243.595	41766.8
247.535	40486.2
251.538	39244.8
255.607	38041.6
259.741	36875.3
263.942	35744.7
268.211	34588
272.549	33217.4
276.957	31900.9
281.437	30636.8
285.989	29422.8
290.615	28256.8
295.315	27137
300.092	26061.6
304.945	25028.8
309.878	24037
314.89	23084.5
319.983	22169.6
325.158	21291.1
330.418	20447.4
335.762	19637.1
341.192	18858.8
346.711	18111.5
352.319	17393.8
358.017	16704.5
363.808	16091.6
369.692	15516.1
375.672	14961.2
381.748	14426.2
387.922	13910.3
394.197	13412.9
400.573	12933.2
407.052	12470.7
413.635	12024.7
420.326	11594.7
427.124	11180
434.032	10780.2
441.052	10370.7
448.186	9966.48
455.435	9578.62
462.802	9205.77
470.287	8847.29
477.894	8502.89
485.623	8171.77
493.478	7852.95
501.459	7543.83
509.57	7242.37
517.812	6951.15
526.187	6672.28
534.698	6405.67
543.346	6150.21
552.134	5905.01
561.065	5664.91
570.14	5432.06
579.361	5206.09
588.732	4988.98
598.254	4780.56
607.93	4580.87
617.763	4389.51
627.755	4205.84
637.909	4026.58
648.226	3850.24
658.711	3678.61
669.365	3514.72
680.191	3367.66
691.193	3233.87
702.372	3107.19
713.733	2979.93
725.277	2854.17
737.008	2733.75
748.928	2618.37
761.042	2507.84
773.351	2401.74
785.859	2299.45
798.57	2201.01
811.486	2106.76
824.611	2016.51
837.949	1930.13
851.502	1847.43
865.274	1768.16
879.269	1692.18
893.491	1619.48
907.942	1549.91
922.628	1483.34
937.551	1419.41
952.715	1358.26
968.124	1299.74
983.783	1243.7
999.695	1190.23
1015.86	1139.21
1032.29	1091.74
1048.99	1045.39
1065.96	1000.11
1083.2	956.759
1100.72	915.292
1118.52	875.618
1136.61	837.674
1155	801.377
1173.68	766.641
1192.66	733.413
1211.95	701.627
1231.55	671.217
1251.47	642.311
1271.72	614.852
1292.28	588.789
1313.19	563.824
1334.43	539.918
1356.01	517.024
1377.94	495.104
1400.23	474.116
1422.88	454.021
1445.89	434.771
1469.28	416.184
1493.04	398.159
1517.19	379.994
1541.73	362.535
1566.67	4122.18
1592.01	3968.78
1617.76	3821.12
1643.92	3678.98
1670.51	3542.11
1697.53	3410.33
1724.99	3283.46
1752.89	3157.47
1781.24	3035.04
1810.05	2916.44
1839.32	2802.45
1869.07	2692.93
1899.3	2587.67
1930.02	2486.56
1961.24	2389.4
1992.96	2296.02
2025.2	2207.73
2057.95	2119.56
2091.24	2034.4
2125.06	1952.35
2159.43	1873.39
2194.36	1797.21
2229.85	1723.96
2265.92	1653.42
2302.57	1585.56
2339.81	1520.29
2377.66	1457.45
2416.11	1397.08
2455.19	1339.05
2494.9	1283.19
2535.26	1229.56
2576.26	1178.03
2617.93	1128.55
2660.27	1081
2703.3	1035.37
2747.03	991.518
2791.46	949.444
2836.61	909.07
2882.49	870.319
2929.11	833.139
2976.48	797.466
3024.63	763.271
3073.55	730.46
3123.26	698.999
3173.78	668.844
3225.11	639.933
3277.27	612.225
3330.28	585.656
3384.15	560.206
3438.88	535.824
3494.5	512.465
3551.02	490.079
3608.46	468.644
3666.82	448.114
3726.13	428.451
3786.4	409.627
3847.64	391.605
3909.87	374.35
3973.11	357.837
4037.37	342.024
4102.68	326.893
4169.03	312.411
4236.46	298.556
4304.99	285.3
4374.62	272.614
4445.37	260.48
4517.27	248.872
4590.34	237.763
4664.58	227.145
4740.03	216.988
4816.69	207.272
4894.6	197.987
4973.77	189.104
5054.21	180.612
5135.96	172.496
5219.03	164.73
5303.44	157.311
5389.22	150.22
5476.39	143.444
5564.97	136.96
5654.98	130.771
5746.44	124.856
5839.38	119.203
5933.83	113.801
6029.81	108.634
6127.33	103.706
6226.44	98.9907
6327.15	94.488
6429.48	90.1864
6533.48	86.078
6639.15	82.1528
6746.53	78.405
6855.65	74.824
6966.54	71.4049
7079.22	68.1394
7193.72	65.0207
7310.07	62.0425
7428.31	59.1985
7548.45	56.4829
7670.54	53.8897
7794.61	51.4141
7920.68	49.05
8048.79	46.7938
8178.97	44.6396
8311.26	42.5825
8445.69	40.6195
8582.29	38.7446
8721.11	36.9558
8862.16	35.2485
9005.5	33.6185
9151.16	32.0624
9299.17	30.5779
9449.58	29.1607
9602.42	27.8092
9757.73	26.5182
9915.55	25.2875
10075.9	24.1122
10238.9	22.9909
10404.5	21.9209
10572.8	20.9002
10743.8	19.9261
10917.6	18.9968
11094.2	18.1101
11273.6	17.2641
11455.9	16.4569
11641.2	15.6871
11829.5	14.9527
12020.8	14.252
12215.3	13.5838
12412.9	12.9462
12613.6	12.3383
12817.6	11.7583
13025	11.2053
13235.6	10.6776
13449.7	10.1745
13667.2	9.69457
13888.3	9.23699
14112.9	8.80052
14341.2	8.38438
14573.1	7.98744
14808.9	7.6091
15048.4	7.24822
15291.8	6.90414
15539.1	6.57605
15790.4	6.26321
16045.8	5.96498
16305.4	5.68069
16569.1	5.40959
16837.1	5.15117
17109.4	4.90478
17386.1	4.66991
17667.4	4.44608
17953.1	4.23264
18243.5	4.02924
18538.6	3.83536
18838.4	3.65053
19143.1	3.47439
19452.7	3.30651
19767.4	3.14654
20087.1	2.9932
20412	2.84806
20742.1	2.70987
21077.6	2.57834
21418.5	2.45313
21765	2.33396
22117	2.2205
22474.7	2.11251
22838.2	2.00971
23207.6	1.91187
23583	1.81875
23964.4	1.73011
24352	1.64575
24745.9	1.56546
25146.1	1.48905
25552.9	1.41632
25966.2	1.3471
26386.1	1.28122
26812.9	1.21854
27246.6	1.15889
27687.3	1.10212
28135.1	1.0481
28590.2	0.996703
29052.6	0.947787
29522.5	0.901249
30000	0.856966
