10	579673
10.1617	567193
10.3261	554985
10.4931	543039
10.6628	531351
10.8353	519916
11.0106	508725
11.1886	497774
11.3696	487062
11.5535	476577
11.7404	466320
11.9303	456285
12.1232	446462
12.3193	436854
12.5186	427451
12.721	418251
12.9268	409249
13.1359	400439
13.3483	391819
13.5642	383388
13.7836	375134
14.0066	367060
14.2331	359161
14.4633	351431
14.6973	343865
14.935	336466
15.1765	329048
15.422	320830
15.6714	312820
15.9249	305008
16.1825	297393
16.4442	289965
16.7102	282725
16.9805	275665
17.2551	268780
17.5342	262069
17.8178	255525
18.106	249143
18.3989	242923
18.6964	236857
18.9988	230942
19.3061	225174
19.6184	219553
19.9357	214070
20.2582	208725
20.5858	203512
20.9188	198431
21.2571	193474
21.6009	188643
21.9503	183933
22.3053	179340
22.6661	174862
23.0327	170495
23.4053	166238
23.7838	162110
24.1685	158106
24.5594	154201
24.9566	150391
25.3603	146677
25.7705	143054
26.1873	139520
26.6109	136074
27.0413	132713
27.4786	129434
27.9231	126237
28.3747	123119
28.8337	120078
29.3	117112
29.7739	114219
30.2555	111493
30.7449	108915
31.2421	106396
31.7475	103934
32.2609	101530
32.7827	99181.1
33.313	96886.7
33.8518	94645.4
34.3993	92455.7
34.9557	90316.8
35.5211	88126.4
36.0956	85980.6
36.6794	83887
37.2727	81844.5
37.8755	79851.4
38.4882	77906.9
39.1107	76009.5
39.7433	74158.9
40.3861	72310.2
41.0393	70479.1
41.7031	68694.3
42.3776	66954.7
43.063	65259.2
43.7595	63606.8
44.4673	61996.2
45.1865	60413.9
45.9174	58837.6
46.66	57302.4
47.4147	55807.5
48.1816	54351.7
48.9609	52933.5
49.7528	51552.2
50.5576	50152.4
51.3753	48766.7
52.2062	47419.2
53.0506	46109
53.9087	44834.4
54.7806	43595.4
55.6667	42390.7
56.567	41219.6
57.482	40081
58.4117	38973.5
59.3564	37883.6
60.3165	36803.9
61.2921	35745.1
62.2834	34694.3
63.2908	33674.5
64.3145	32684.9
65.3547	31724.3
66.4118	30791.9
67.4859	29886.8
68.5775	29008.4
69.6867	28141.4
70.8138	27291.7
71.9592	26448.7
73.123	25628.2
74.3057	24833.2
75.5076	24063.2
76.7289	23316.7
77.9699	22593.2
79.231	21882.7
80.5125	21194.3
81.8147	20516.3
83.138	19853.3
84.4827	19211.1
85.8492	18589.8
87.2377	17988.7
88.6487	17404.8
90.0825	16837
91.5395	16284
93.0201	15742.7
94.5247	15219.5
96.0535	14713.8
97.6071	14225
99.1858	13752.6
100.79	13276.7
102.42	12799
104.077	12341.3
105.76	11899.1
107.471	11480.6
109.209	11096.5
110.975	10740.1
112.77	10400.1
114.594	10062.2
116.448	9712.38
118.331	9368.38
120.245	9036.65
122.19	8716.65
124.166	8407.89
126.175	8110.19
128.215	7822.92
130.289	7545.83
132.397	7278.16
134.538	7015.38
136.714	6760.4
138.925	6514.61
141.172	6277.81
143.456	6049.64
145.776	5829.72
148.134	5628.18
150.53	5438.36
152.964	5233.93
155.439	5025.84
157.953	4818.03
160.507	4618.82
163.103	4427.87
165.742	4244.8
168.422	4069.24
171.146	3907.61
173.915	3761.32
176.727	3631.1
179.586	3505.79
182.491	3383
185.442	3255.81
188.442	87634.4
191.49	84691.1
194.587	81847.5
197.734	79154.4
200.932	76593.9
204.182	74116.9
207.485	71720.3
210.84	69400.2
214.251	66953.4
217.716	64550.2
221.237	62201.6
224.816	59938.8
228.452	57758.1
232.147	55656.5
235.902	53631.7
239.717	51680.7
243.595	49801
247.535	47989.1
251.538	46243.2
255.607	44561.1
259.741	42939.6
263.942	41377.1
268.211	39871.6
272.549	38421.1
276.957	36998.6
281.437	35598.7
285.989	34232.8
290.615	32917
295.315	31651.6
300.092	30434.9
304.945	29264.7
309.878	28139.6
314.89	27058
319.983	26017.9
325.158	25017.5
330.418	24056.3
335.762	23131.7
341.192	22242.2
346.711	21387.5
352.319	20565.7
358.017	19775.1
363.808	19014.8
369.692	18283.9
375.672	17581
381.748	16905.2
387.922	16257.1
394.197	15637.1
400.573	15015.9
407.052	14409.9
413.635	13827.6
420.326	13269.3
427.124	12733.5
434.032	12219.2
441.052	11725.7
448.186	11251
455.435	10789.9
462.802	10343.6
470.287	9913.68
477.894	9501.88
485.623	9107.13
493.478	8728.8
501.459	8366.16
509.57	8018.6
517.812	7684.79
526.187	7362.79
534.698	7050.36
543.346	6749.31
552.134	6461.05
561.065	6192.25
570.14	5937.08
579.361	5687.15
588.732	5446.23
598.254	5214.57
607.93	4992.74
617.763	4780.38
627.755	4576.63
637.909	4376.48
648.226	4177.84
658.711	3983.62
669.365	3798.47
680.191	3633.39
691.193	3484.06
702.372	3342.98
713.733	3200.8
725.277	3060.13
737.008	2925.62
748.928	2797.04
761.042	2674.11
773.351	2556.38
785.859	2443.25
798.57	2334.67
811.486	2230.88
824.611	2131.71
837.949	2036.96
851.502	1945.84
865.274	1858.18
879.269	1773.93
893.491	1693.43
907.942	1616.61
922.628	1543.3
937.551	1474.22
952.715	1408.42
968.124	1345.71
983.783	1285.8
999.695	1228.45
1015.86	1173.54
1032.29	1119.82
1048.99	1068.42
1065.96	1019.23
1083.2	972.319
1100.72	927.568
1118.52	884.857
1136.61	844.123
1155	805.267
1173.68	768.186
1192.66	732.818
1211.95	699.081
1231.55	666.9
1251.47	636.154
1271.72	606.795
1292.28	578.735
1313.19	551.966
1334.43	526.439
1356.01	502.089
1377.94	478.869
1400.23	456.727
1422.88	435.613
1445.89	415.459
1469.28	396.221
1493.04	377.837
1517.19	360.148
1541.73	343.27
1566.67	327.185
1592.01	311.853
1617.76	297.237
1643.92	283.304
1670.51	270.025
1697.53	257.367
1724.99	245.303
1752.89	233.737
1781.24	222.697
1810.05	212.164
1839.32	202.123
1869.07	192.556
1899.3	183.442
1930.02	174.764
1961.24	166.497
1992.96	158.62
2025.2	151.257
2057.95	144.066
2091.24	137.211
2125.06	130.678
2159.43	124.453
2194.36	118.509
2229.85	112.853
2265.92	107.461
2302.57	102.315
2339.81	97.4176
2377.66	92.7485
2416.11	88.2981
2455.19	84.0588
2494.9	80.0191
2535.26	76.1698
2576.26	72.5019
2617.93	69.0078
2660.27	65.679
2703.3	62.508
2747.03	59.4878
2791.46	56.61
2836.61	53.8705
2882.49	51.2602
2929.11	48.774
2976.48	46.4059
3024.63	44.1517
3073.55	42.0043
3123.26	39.96
3173.78	38.0135
3225.11	36.1598
3277.27	34.3954
3330.28	32.7151
3384.15	31.1158
3438.88	29.5936
3494.5	28.1442
3551.02	26.7649
3608.46	25.4516
3666.82	24.2019
3726.13	23.0126
3786.4	21.8802
3847.64	20.8029
3909.87	19.7782
3973.11	18.8027
4037.37	17.8806
4102.68	16.9973
4169.03	16.1578
4236.46	15.3594
4304.99	14.6001
4374.62	13.8778
4445.37	13.191
4517.27	12.5381
4590.34	11.917
4664.58	11.3264
4740.03	10.7645
4816.69	10.2306
4894.6	9.72256
4973.77	9.23962
5054.21	8.78042
5135.96	8.34375
5219.03	7.9286
5303.44	7.53378
5389.22	7.15846
5476.39	6.80158
5564.97	6.46232
5654.98	6.13974
5746.44	5.83302
5839.38	5.54147
5933.83	5.26431
6029.81	5.00083
6127.33	4.75031
6226.44	4.51221
6327.15	4.28585
6429.48	4.07071
6533.48	3.86618
6639.15	3.67182
6746.53	3.48711
6855.65	3.3115
6966.54	3.14455
7079.22	2.98598
7193.72	2.83525
7310.07	2.69202
7428.31	2.5559
7548.45	2.4265
7670.54	2.30362
7794.61	2.18686
7920.68	2.07592
8048.79	1.9705
8178.97	1.87029
8311.26	1.77515
8445.69	1.68475
8582.29	1.59884
8721.11	1.5173
8862.16	1.43983
9005.5	1.36622
9151.16	1.2963
9299.17	1.22994
9449.58	1.16684
9602.42	1.10697
9757.73	1.05008
9915.55	0.996146
10075.9	0.944871
10238.9	0.896196
10404.5	0.849976
10572.8	0.806097
10743.8	0.764443
10917.6	0.724904
11094.2	0.687372
11273.6	0.651736
11455.9	0.617918
11641.2	0.58583
11829.5	0.555374
12020.8	0.526473
12215.3	0.499059
12412.9	0.473032
12613.6	0.448349
12817.6	0.42493
13025	0.402717
13235.6	0.38164
13449.7	0.361653
13667.2	0.342692
13888.3	0.324716
14112.9	0.307665
14341.2	0.291498
14573.1	0.276168
14808.9	0.261637
15048.4	0.247858
15291.8	0.234798
15539.1	0.222417
15790.4	0.210682
16045.8	0.199562
16305.4	0.189026
16569.1	0.17904
16837.1	0.16958
17109.4	0.160616
17386.1	0.152125
17667.4	0.144084
17953.1	0.136466
18243.5	0.129252
18538.6	0.122421
18838.4	0.115952
19143.1	0.109827
19452.7	0.104029
19767.4	0.0985416
20087.1	0.0933096
20412	0.0883945
20742.1	0.0837413
21077.6	0.0793369
21418.5	0.0751673
21765	0.0712202
22117	0.0674823
22474.7	0.0639433
22838.2	0.0605924
23207.6	0.0574194
23583	0.0544146
23964.4	0.051569
24352	0.0488738
24745.9	0.0463215
25146.1	0.0439041
25552.9	0.0416141
25966.2	0.0394449
26386.1	0.0373898
26812.9	0.0354433
27246.6	0.0335991
27687.3	0.031852
28135.1	0.0301966
28590.2	0.0286282
29052.6	0.027142
29522.5	0.0257336
30000	0.0243991
