10	3143.22
10.1617	3244.69
10.3261	3349.35
10.4931	3457.45
10.6628	3569.02
10.8353	3684.17
11.0106	3803
11.1886	3925.8
11.3696	4052.44
11.5535	4183.21
11.7404	4318.15
11.9303	4457.5
12.1232	4633.83
12.3193	4832.41
12.5186	5039.43
12.721	5255.5
12.9268	5480.66
13.1359	5775.87
13.3483	6088.13
13.5642	6417.14
13.7836	6764.02
14.0066	7933.8
14.2331	9041.9
14.4633	10043.9
14.6973	11127.2
14.935	12300.4
15.1765	13465.3
15.422	14523
15.6714	13552.3
15.9249	12596.5
16.1825	11882.1
16.4442	13853.7
16.7102	27698.7
16.9805	41796.4
17.2551	103482
17.5342	160554
17.8178	190286
18.106	205965
18.3989	222934
18.6964	266679
18.9988	335971
19.3061	405335
19.6184	408835
19.9357	412365
20.2582	407966
20.5858	397375
20.9188	382697
21.2571	358279
21.6009	335419
21.9503	314020
22.3053	293982
22.6661	275226
23.0327	257666
23.4053	241228
23.7838	225835
24.1685	211248
24.5594	197580
24.9566	184797
25.3603	172842
25.7705	161660
26.1873	151201
26.6109	141419
27.0413	132270
27.4786	123711
27.9231	115708
28.3747	108006
28.8337	100738
29.3	93956.6
29.7739	87632.4
30.2555	81734.2
30.7449	76233.3
31.2421	71101.5
31.7475	66316.5
32.2609	61852.2
32.7827	57689
33.313	53806.5
33.8518	50184.8
34.3993	46806.9
34.9557	43241.4
35.5211	39693.6
36.0956	36436.6
36.6794	33446.9
37.2727	30702.7
37.8755	28183.4
38.4882	25871.3
39.1107	23748.5
39.7433	21799.8
40.3861	20111.6
41.0393	18715.8
41.7031	17417
42.3776	16208.2
43.063	15083.3
43.7595	14036.5
44.4673	13062.4
45.1865	12155.9
45.9174	11312.3
46.66	10527.2
47.4147	9796.62
48.1816	9116.73
48.9609	8483.98
49.7528	7914.89
50.5576	7473.3
51.3753	7056.25
52.2062	6680.46
53.0506	6468.66
53.9087	6266.35
54.7806	6111.29
55.6667	5960.08
56.567	5812.56
57.482	5668.71
58.4117	5532.48
59.3564	5435.75
60.3165	5340.69
61.2921	5289.48
62.2834	5318.64
63.2908	5347.95
64.3145	5377.45
65.3547	5407.1
66.4118	5463.79
67.4859	5550.68
68.5775	5638.94
69.6867	5728.63
70.8138	5858.08
71.9592	6007.74
73.123	6161.18
74.3057	6331.44
75.5076	6509.4
76.7289	6692.35
77.9699	6946.83
79.231	7239.78
80.5125	7535.53
81.8147	7820.74
83.138	8116.78
84.4827	8424.01
85.8492	8581.57
87.2377	8700.6
88.6487	9056.56
90.0825	9115.38
91.5395	16582.4
93.0201	30165.7
94.5247	11224.1
96.0535	13628.7
97.6071	18261.1
99.1858	29241.3
100.79	52710.8
102.42	104969
104.077	141402
105.76	165895
107.471	165742
109.209	159247
110.975	151585
112.77	146857
114.594	152057
116.448	155856
118.331	142261
120.245	125180
122.19	108345
124.166	94394.8
126.175	82468.1
128.215	72041.9
130.289	61606.8
132.397	52567.7
134.538	44632.6
136.714	38090.1
138.925	33116.1
141.172	28619.9
143.456	24257.4
145.776	20558.8
148.134	17373.3
150.53	14659
152.964	12368.2
155.439	10431
157.953	8774.73
160.507	7408.03
163.103	6247.35
165.742	5556.29
168.422	4941.35
171.146	4452.36
173.915	4014.91
176.727	3674.47
179.586	3439.11
182.491	3276.27
185.442	3191.82
188.442	3180.78
191.49	3285.85
194.587	3394.33
197.734	3500.41
200.932	3605.61
204.182	3713.95
207.485	3825.54
210.84	3941.57
214.251	4091.92
217.716	4248.08
221.237	4410.2
224.816	4578.45
228.452	4745.42
232.147	4916.83
235.902	5094.41
239.717	5278.46
243.595	5469.06
247.535	5662.55
251.538	5833.59
255.607	6009.7
259.741	6191.19
263.942	6378.14
268.211	6570.74
272.549	6700.06
276.957	6798.38
281.437	6898.11
285.989	6973.9
290.615	7030.57
295.315	7087.74
300.092	7145.32
304.945	7203.43
309.878	7261.94
314.89	7320.97
319.983	7323.34
325.158	7308.21
330.418	7293.1
335.762	7278.04
341.192	7263.02
346.711	7248.01
352.319	7163.34
358.017	7067.34
363.808	6972.63
369.692	6879.18
375.672	6786.99
381.748	6692.71
387.922	6591.82
394.197	6492.45
400.573	6394.58
407.052	6298.19
413.635	6203.24
420.326	6109.73
427.124	6017.63
434.032	5926.91
441.052	5828.81
448.186	5725.87
455.435	5624.76
462.802	5525.42
470.287	5427.84
477.894	5331.99
485.623	5237.82
493.478	5145.33
501.459	5054.46
509.57	4965.19
517.812	4877.51
526.187	4784.34
534.698	4654.13
543.346	4527.46
552.134	4404.23
561.065	4284.36
570.14	4167.75
579.361	4054.32
588.732	3943.98
598.254	3837.75
607.93	3743.95
617.763	3652.44
627.755	3563.17
637.909	3476.07
648.226	3391.11
658.711	3305.7
669.365	3211.57
680.191	3120.11
691.193	3031.26
702.372	2943.4
713.733	2851.52
725.277	2762.5
737.008	2676.27
748.928	2592.72
761.042	2511.79
773.351	2433.38
785.859	12477.9
798.57	12202
811.486	11932.2
824.611	11668.4
837.949	11410.5
851.502	11158.2
865.274	10911.5
879.269	10670.3
893.491	10434.4
907.942	10203.7
922.628	9968.12
937.551	9736.94
952.715	9511.14
968.124	9290.53
983.783	9075.07
999.695	8864.61
1015.86	8659.01
1032.29	8458.19
1048.99	8262.03
1065.96	8070.43
1083.2	7883.25
1100.72	7698.09
1118.52	7514.79
1136.61	7335.9
1155	7161.26
1173.68	6990.78
1192.66	6824.34
1211.95	6661.87
1231.55	6503.25
1251.47	6348.45
1271.72	6197.31
1292.28	6049.78
1313.19	5905.74
1334.43	5765.15
1356.01	5607.08
1377.94	5425.01
1400.23	5248.87
1422.88	5078.44
1445.89	4913.52
1469.28	4754
1493.04	4599.61
1517.19	4450.26
1541.73	4305.76
1566.67	4165.94
1592.01	4023.21
1617.76	3881.8
1643.92	3745.33
1670.51	3613.69
1697.53	3486.68
1724.99	3364.14
1752.89	3245.88
1781.24	3131.8
1810.05	3021.7
1839.32	2915.49
1869.07	2812.82
1899.3	2712.44
1930.02	2615.62
1961.24	2522.28
1992.96	2432.24
2025.2	2346.68
2057.95	2261.67
2091.24	2179.59
2125.06	2100.22
2159.43	2023.6
2194.36	1949.56
2229.85	1877.99
2265.92	1808.91
2302.57	1742.18
2339.81	1677.75
2377.66	1615.59
2416.11	1555.51
2455.19	1497.56
2494.9	1441.68
2535.26	1387.68
2576.26	1335.59
2617.93	1285.33
2660.27	1236.89
2703.3	1190.08
2747.03	1144.99
2791.46	1101.48
2836.61	1059.57
2882.49	1019.01
2929.11	980.014
2976.48	942.378
3024.63	906.104
3073.55	871.118
3123.26	837.394
3173.78	804.888
3225.11	773.56
3277.27	743.358
3330.28	714.25
3384.15	686.205
3438.88	659.179
3494.5	633.13
3551.02	608.038
3608.46	583.863
3666.82	560.566
3726.13	538.135
3786.4	516.523
3847.64	495.702
3909.87	475.649
3973.11	456.336
4037.37	437.739
4102.68	419.833
4169.03	402.584
4236.46	385.978
4304.99	369.993
4374.62	354.603
4445.37	339.781
4517.27	325.522
4590.34	311.796
4664.58	298.574
4740.03	285.859
4816.69	273.62
4894.6	261.843
4973.77	250.511
5054.21	239.603
5135.96	229.111
5219.03	219.023
5303.44	640.679
5389.22	612.743
5476.39	586.032
5564.97	560.478
5654.98	736.456
5746.44	705.526
5839.38	675.9
5933.83	647.506
6029.81	708.536
6127.33	681.665
6226.44	655.684
6327.15	630.555
6429.48	606.273
6533.48	582.803
6639.15	560.133
6746.53	538.256
6855.65	517.133
6966.54	496.758
7079.22	477.101
7193.72	458.151
7310.07	439.889
7428.31	422.287
7548.45	405.325
7670.54	388.993
7794.61	373.271
7920.68	358.143
8048.79	343.574
8178.97	329.559
8311.26	316.075
8445.69	303.114
8582.29	290.652
8721.11	278.664
8862.16	267.145
9005.5	256.082
9151.16	245.443
9299.17	235.227
9449.58	225.412
9602.42	215.991
9757.73	206.944
9915.55	198.261
10075.9	189.924
10238.9	181.925
10404.5	174.249
10572.8	166.884
10743.8	159.818
10917.6	153.042
11094.2	146.543
11273.6	140.309
11455.9	134.331
11641.2	128.602
11829.5	123.109
12020.8	117.844
12215.3	112.799
12412.9	107.962
12613.6	103.329
12817.6	98.8886
13025	94.636
13235.6	90.56
13449.7	86.6571
13667.2	82.9177
13888.3	79.3376
14112.9	75.9082
14341.2	72.6248
14573.1	69.4802
14808.9	66.4706
15048.4	63.5882
15291.8	60.8293
15539.1	58.1879
15790.4	55.6597
16045.8	53.2402
16305.4	50.9248
16569.1	48.7082
16837.1	46.5874
17109.4	44.5579
17386.1	42.6158
17667.4	40.758
17953.1	38.98
18243.5	37.2794
18538.6	35.6522
18838.4	34.0955
19143.1	32.6066
19452.7	31.1823
19767.4	29.8201
20087.1	28.5169
20412	27.2706
20742.1	26.0785
21077.6	24.9384
21418.5	23.8482
21765	22.8057
22117	21.8087
22474.7	20.8552
22838.2	19.9434
23207.6	19.0717
23583	18.2382
23964.4	17.441
24352	16.679
24745.9	15.9504
25146.1	15.2538
25552.9	14.5877
25966.2	13.9509
26386.1	13.3421
26812.9	12.76
27246.6	12.2036
27687.3	11.6716
28135.1	11.163
28590.2	10.6769
29052.6	10.2121
29522.5	9.76784
30000	9.3431
