10	185890
10.1617	187436
10.3261	188991
10.4931	190561
10.6628	192144
10.8353	193739
11.0106	195154
11.1886	195120
11.3696	195084
11.5535	195051
11.7404	195054
11.9303	195058
12.1232	195072
12.3193	195089
12.5186	193836
12.721	192519
12.9268	191210
13.1359	189802
13.3483	187631
13.5642	185486
13.7836	183387
14.0066	181496
14.2331	179625
14.4633	177560
14.6973	175392
14.935	173249
15.1765	171239
15.422	169277
15.6714	167338
15.9249	165191
16.1825	163003
16.4442	160845
16.7102	158038
16.9805	154681
17.2551	151395
17.5342	148178
17.8178	145019
18.106	141926
18.3989	138899
18.6964	136044
18.9988	133287
19.3061	130586
19.6184	127940
19.9357	124804
20.2582	121706
20.5858	118685
20.9188	115793
21.2571	113099
21.6009	110467
21.9503	107897
22.3053	105386
22.6661	102934
23.0327	100539
23.4053	98200
23.7838	95915.1
24.1685	93683.3
24.5594	91503.5
24.9566	89374.3
25.3603	87294.9
25.7705	85263.8
26.1873	83279.9
26.6109	81342.1
27.0413	79449.6
27.4786	77600.7
27.9231	75795.3
28.3747	74031.5
28.8337	72309.1
29.3	70626.6
29.7739	69089.7
30.2555	67656.4
30.7449	66252.9
31.2421	64878.3
31.7475	63532.5
32.2609	62214.3
32.7827	60923.7
33.313	59659.9
33.8518	58422.1
34.3993	57210.2
34.9557	56023.4
35.5211	54861.1
36.0956	53723
36.6794	52608.5
37.2727	51517.1
37.8755	50448.4
38.4882	49363
39.1107	48073.7
39.7433	46818.1
40.3861	45595.4
41.0393	44404.6
41.7031	43244.8
42.3776	42115.3
43.063	41015.3
43.7595	39944.1
44.4673	38900.8
45.1865	37884.9
45.9174	36895.4
46.66	35931.7
47.4147	34993.3
48.1816	34079.3
48.9609	33189.3
49.7528	32322.4
50.5576	31478.3
51.3753	30649.1
52.2062	29795
53.0506	28964.7
53.9087	28157.6
54.7806	27373
55.6667	26610.2
56.567	25868.7
57.482	25034.4
58.4117	24217.4
59.3564	23427.1
60.3165	22662.6
61.2921	21923
62.2834	21207.5
63.2908	20515.4
64.3145	19845.9
65.3547	19198.3
66.4118	18571.8
67.4859	17965.6
68.5775	17379.4
69.6867	16812.2
70.8138	16263.6
71.9592	15732.7
73.123	15219.3
74.3057	14722.7
75.5076	14242.2
76.7289	13777.4
77.9699	13327.8
79.231	12892.9
80.5125	12472.1
81.8147	12065.1
83.138	11671.4
84.4827	11290.4
85.8492	10922
87.2377	10565.6
88.6487	10218.2
90.0825	9793.82
91.5395	9387.04
93.0201	8997.15
94.5247	8623.46
96.0535	8265.28
97.6071	7922.01
99.1858	7592.98
100.79	7277.6
102.42	6975.29
104.077	6685.63
105.76	6407.93
107.471	6141.8
109.209	5886.69
110.975	5642.17
112.77	119325
114.594	124705
116.448	130325
118.331	136204
120.245	142345
122.19	148763
124.166	155471
126.175	159144
128.215	162665
130.289	161604
132.397	158299
134.538	138063
136.714	119390
138.925	108511
141.172	103482
143.456	99975.3
145.776	96586.6
148.134	93313.4
150.53	90422.4
152.964	87918.5
155.439	85484.7
157.953	83118
160.507	80816.5
163.103	78163.7
165.742	75479.2
168.422	72886
171.146	70382.3
173.915	67964.9
176.727	65629.9
179.586	63375.8
182.491	61198.7
185.442	59061.7
188.442	56899.3
191.49	54815.4
194.587	52808.5
197.734	50874.8
200.932	49011.7
204.182	47217.2
207.485	45488.3
210.84	43822.4
214.251	42217.9
217.716	40671.9
221.237	39182.6
224.816	37747.9
228.452	36365.7
232.147	35034
235.902	33751.3
239.717	32505.5
243.595	31148
247.535	29847.2
251.538	28600.8
255.607	27406.4
259.741	26261.7
263.942	25164.9
268.211	24114
272.549	23107
276.957	22142
281.437	21217.3
285.989	20331.2
290.615	19482.2
295.315	18668.5
300.092	17889
304.945	17141.8
309.878	16426
314.89	15746.3
319.983	15101.2
325.158	14482.3
330.418	13889.1
335.762	13320.1
341.192	12774.5
346.711	12251.3
352.319	11749.6
358.017	11268.2
363.808	10806.9
369.692	10364.3
375.672	9939.75
381.748	9532.6
387.922	9138.8
394.197	8754.24
400.573	8374.43
407.052	8006.76
413.635	7655.23
420.326	7319.22
427.124	6997.92
434.032	6690.66
441.052	6396.91
448.186	6115.94
455.435	5846.63
462.802	5588.73
470.287	5341.93
477.894	5106.04
485.623	4880.56
493.478	4665.06
501.459	4459.07
509.57	4262.14
517.812	4074.05
526.187	3894.72
534.698	3724.1
543.346	3561.31
552.134	3405.66
561.065	3252.83
570.14	3105.19
579.361	2965.27
588.732	2832
598.254	2704.92
607.93	2583.62
617.763	2467.72
627.755	2356.8
637.909	2248.83
648.226	2142.87
658.711	2040.04
669.365	1942.15
680.191	1854.45
691.193	1774.79
702.372	1699.49
713.733	1623.54
725.277	1548.46
737.008	1476.91
748.928	1408.66
761.042	1343.56
773.351	1281.43
785.859	1221.97
798.57	1165.13
811.486	1110.95
824.611	1059.27
837.949	1009.98
851.502	963.246
865.274	918.888
879.269	876.761
893.491	836.569
907.942	798.221
922.628	761.629
937.551	726.146
952.715	692.181
968.124	659.687
983.783	628.718
999.695	599.16
1015.86	571.212
1032.29	544.575
1048.99	519.183
1065.96	494.975
1083.2	471.892
1100.72	449.887
1118.52	428.907
1136.61	408.905
1155	389.841
1173.68	371.662
1192.66	354.328
1211.95	337.805
1231.55	322.052
1251.47	307.034
1271.72	292.72
1292.28	279.071
1313.19	266.057
1334.43	253.65
1356.01	241.821
1377.94	230.543
1400.23	219.794
1422.88	209.545
1445.89	199.772
1469.28	190.458
1493.04	181.576
1517.19	172.977
1541.73	164.734
1566.67	156.885
1592.01	149.409
1617.76	142.289
1643.92	135.508
1670.51	129.051
1697.53	122.901
1724.99	117.045
1752.89	111.467
1781.24	106.156
1810.05	101.097
1839.32	96.2786
1869.07	91.6906
1899.3	87.3213
1930.02	83.1603
1961.24	79.1977
1992.96	75.4237
2025.2	71.7724
2057.95	68.2819
2091.24	64.9618
2125.06	61.8025
2159.43	58.7971
2194.36	55.9379
2229.85	53.2176
2265.92	50.63
2302.57	48.1679
2339.81	45.8255
2377.66	43.5974
2416.11	41.477
2455.19	39.46
2494.9	37.5412
2535.26	35.7157
2576.26	33.9788
2617.93	32.3265
2660.27	30.7545
2703.3	29.259
2747.03	27.8363
2791.46	26.4826
2836.61	25.1948
2882.49	23.9697
2929.11	22.804
2976.48	21.6951
3024.63	20.6305
3073.55	19.6094
3123.26	18.6386
3173.78	17.7161
3225.11	16.8392
3277.27	16.0057
3330.28	15.2135
3384.15	14.4605
3438.88	13.7446
3494.5	13.0643
3551.02	12.4177
3608.46	11.803
3666.82	11.2188
3726.13	10.6635
3786.4	10.1357
3847.64	9.634
3909.87	9.15711
3973.11	8.70386
4037.37	8.2704
4102.68	7.85671
4169.03	7.46365
4236.46	7.0903
4304.99	6.73562
4374.62	6.39872
4445.37	6.07863
4517.27	5.77454
4590.34	5.48568
4664.58	5.21129
4740.03	4.95061
4816.69	4.70296
4894.6	4.4677
4973.77	4.24422
5054.21	4.03078
5135.96	3.82756
5219.03	3.63458
5303.44	3.45133
5389.22	3.27733
5476.39	3.11209
5564.97	2.95519
5654.98	2.8062
5746.44	2.66472
5839.38	2.53037
5933.83	2.40279
6029.81	2.28135
6127.33	2.16541
6226.44	2.05536
6327.15	1.95091
6429.48	1.85176
6533.48	1.75765
6639.15	1.66833
6746.53	1.58354
6855.65	1.50306
6966.54	1.42668
7079.22	1.35417
7193.72	1.28535
7310.07	1.22003
7428.31	1.15802
7548.45	1.09917
7670.54	1.04331
7794.61	0.990288
7920.68	0.939958
8048.79	0.892059
8178.97	0.846385
8311.26	0.803048
8445.69	0.761934
8582.29	0.722919
8721.11	0.685909
8862.16	0.650792
9005.5	0.617471
9151.16	0.585857
9299.17	0.555861
9449.58	0.527403
9602.42	0.5004
9757.73	0.47478
9915.55	0.450471
10075.9	0.427417
10238.9	0.405541
10404.5	0.384775
10572.8	0.365065
10743.8	0.346358
10917.6	0.328604
11094.2	0.311753
11273.6	0.295756
11455.9	0.280574
11641.2	0.266168
11829.5	0.252494
12020.8	0.239517
12215.3	0.227205
12412.9	0.215515
12613.6	0.204424
12817.6	0.193898
13025	0.183913
13235.6	0.174432
13449.7	0.165439
13667.2	0.156903
13888.3	0.148806
14112.9	0.141121
14341.2	0.13383
14573.1	0.126911
14808.9	0.120349
15048.4	0.114121
15291.8	0.108213
15539.1	0.102608
15790.4	0.0972899
16045.8	0.0922459
16305.4	0.0874617
16569.1	0.0829222
16837.1	0.0786167
17109.4	0.0745327
17386.1	0.070659
17667.4	0.0669862
17953.1	0.0635014
18243.5	0.0601972
18538.6	0.057064
18838.4	0.054092
19143.1	0.0512743
19452.7	0.0486022
19767.4	0.0460693
20087.1	0.0436681
20412	0.0413918
20742.1	0.0392345
21077.6	0.0371904
21418.5	0.0352534
21765	0.0334176
22117	0.0316776
22474.7	0.0300287
22838.2	0.0284659
23207.6	0.0269848
23583	0.0255809
23964.4	0.0242501
24352	0.0229889
24745.9	0.0217934
25146.1	0.0206603
25552.9	0.0195861
25966.2	0.0185677
26386.1	0.0176023
26812.9	0.0166873
27246.6	0.0158198
27687.3	0.0149974
28135.1	0.0142178
28590.2	0.0134787
29052.6	0.012778
29522.5	0.0121136
30000	0.0114838
