10	112650
10.1617	111672
10.3261	110702
10.4931	109741
10.6628	108499
10.8353	106970
11.0106	105462
11.1886	103976
11.3696	102511
11.5535	100791
11.7404	99023.2
11.9303	97286.2
12.1232	95579.9
12.3193	93903.3
12.5186	92256.2
12.721	90600.9
12.9268	88340.8
13.1359	86136.9
13.3483	83987.9
13.5642	81892.6
13.7836	79849.6
14.0066	77779.6
14.2331	74814.1
14.4633	71961.6
14.6973	69218.4
14.935	66579.4
15.1765	64040.5
15.422	61194.4
15.6714	58308.6
15.9249	55559.4
16.1825	52939.6
16.4442	49849.8
16.7102	46660.7
16.9805	43675.5
17.2551	40886.6
17.5342	38281.1
17.8178	35841.3
18.106	33557.3
18.3989	31334.5
18.6964	29247.6
18.9988	27300.2
19.3061	25427
19.6184	23493.7
19.9357	21707.1
20.2582	20081.6
20.5858	18588.5
20.9188	17399.7
21.2571	16668.5
21.6009	15968.3
21.9503	15297.7
22.3053	15004.4
22.6661	14716.7
23.0327	14587.6
23.4053	14705.6
23.7838	15544.2
24.1685	26466.5
24.5594	43127.8
24.9566	45584.6
25.3603	47718
25.7705	48502.8
26.1873	49300.9
26.6109	49909.2
27.0413	49659
27.4786	49410
27.9231	48396.2
28.3747	45996.4
28.8337	43444.5
29.3	40914.6
29.7739	37958.9
30.2555	34017.6
30.7449	32705.8
31.2421	31724.9
31.7475	30760.6
32.2609	29703.7
32.7827	29155
33.313	29308.3
33.8518	29521.2
34.3993	30127.2
34.9557	30745.4
35.5211	31803
36.0956	33132.6
36.6794	34517.7
37.2727	36301.8
37.8755	38464.1
38.4882	40754.6
39.1107	43165.2
39.7433	45198.1
40.3861	47326
41.0393	49554.8
41.7031	51887.8
42.3776	53681.4
43.063	55315.5
43.7595	56999.4
44.4673	58734.6
45.1865	60417.7
45.9174	61926.5
46.66	63473.7
47.4147	65058.9
48.1816	66684.1
48.9609	68349.6
49.7528	69498.1
50.5576	70644.2
51.3753	71809.1
52.2062	72993.5
53.0506	74197.3
53.9087	75095.9
54.7806	75799.9
55.6667	76510.3
56.567	77227.2
57.482	77940.9
58.4117	78450.4
59.3564	78963.1
60.3165	79478.8
61.2921	79998.1
62.2834	80430.9
63.2908	80766.4
64.3145	81103.2
65.3547	81441.5
66.4118	81781.2
67.4859	82122.3
68.5775	81592
69.6867	81045.7
70.8138	80502.7
71.9592	79963.7
73.123	78912.1
74.3057	77774.2
75.5076	76652.5
76.7289	75547.4
77.9699	73615.4
79.231	71382.9
80.5125	69218.1
81.8147	67060.1
83.138	64947.9
84.4827	62902
85.8492	60920.6
87.2377	58928.1
88.6487	56958.9
90.0825	55055.4
91.5395	53215.7
93.0201	51437.2
94.5247	49718.3
96.0535	47267.4
97.6071	44578.7
99.1858	42043.3
100.79	39651.8
102.42	37396.2
104.077	35269.6
105.76	33263.1
107.471	31371.3
109.209	29290.3
110.975	27282.3
112.77	25412.2
114.594	23670.3
116.448	22048
118.331	20536.5
120.245	19052.3
122.19	17672.9
124.166	16393
126.175	15206.3
128.215	14104.8
130.289	13083.6
132.397	12136.4
134.538	11353.8
136.714	10838.7
138.925	10347
141.172	9877.62
143.456	9429.62
145.776	9001.82
148.134	8593.51
150.53	8110.74
152.964	7639.15
155.439	7195.2
157.953	6776.92
160.507	6383.02
163.103	6013.5
165.742	5665.48
168.422	5337.44
171.146	5036.35
173.915	4886.15
176.727	4740.39
179.586	4639.89
182.491	4591.33
185.442	4543.3
188.442	4506.74
191.49	4504.07
194.587	4501.39
197.734	4548.21
200.932	4597.41
204.182	4656.75
207.485	4791.18
210.84	4929.57
214.251	5076.8
217.716	5246.73
221.237	5422.35
224.816	5603.76
228.452	5849.15
232.147	6152.68
235.902	6454.17
239.717	6745.37
243.595	7049.58
247.535	7367.57
251.538	7700
255.607	7946.55
259.741	8196.68
263.942	8454.75
268.211	8720.91
272.549	8995.45
276.957	9278.69
281.437	9563.94
285.989	9834.78
290.615	10113.2
295.315	10399.7
300.092	10694.2
304.945	10997
309.878	11308.4
314.89	11489.1
319.983	11652.5
325.158	11818.2
330.418	11986.2
335.762	12156.7
341.192	12329.6
346.711	12434
352.319	12519.1
358.017	12604.8
363.808	12691.1
369.692	12778
375.672	12829
381.748	12837.7
387.922	12846.5
394.197	12855.2
400.573	12863.9
407.052	12872.6
413.635	12891.6
420.326	12910.9
427.124	12930.3
434.032	12949.7
441.052	12969.1
448.186	12988.6
455.435	12962.2
462.802	12918.3
470.287	12874.6
477.894	12830.9
485.623	12787.4
493.478	12744.1
501.459	12695.6
509.57	12596.1
517.812	12497.4
526.187	12399.6
534.698	12302.4
543.346	12206.1
552.134	12016.9
561.065	11811.1
570.14	11606.3
579.361	11386.6
588.732	11166
598.254	10946.4
607.93	10730.5
617.763	10519.3
627.755	10312.1
637.909	10102.4
648.226	9888.89
658.711	9674.73
669.365	9465.27
680.191	9258.43
691.193	9056.44
702.372	8873.28
713.733	8771.65
725.277	8724.9
737.008	8678.45
748.928	8632.21
761.042	8583.94
773.351	8512.17
785.859	8365.08
798.57	8159.14
811.486	7958.24
824.611	7762.32
837.949	7571.23
851.502	7380.63
865.274	7189.82
879.269	6999.61
893.491	6814.44
907.942	6634.17
922.628	6458.65
937.551	6321.06
952.715	6195.28
968.124	6079.68
983.783	5966.27
999.695	5849.17
1015.86	5728.24
1032.29	5552.47
1048.99	5381.48
1065.96	5215.56
1083.2	5054.67
1100.72	4898.67
1118.52	4747.38
1136.61	4600.71
1155	4458.59
1173.68	4320.81
1192.66	4187.12
1211.95	4057.52
1231.55	3931.88
1251.47	3810.06
1271.72	3692.02
1292.28	3577.58
1313.19	3466.55
1334.43	3358.94
1356.01	3254.65
1377.94	3153.43
1400.23	3055.33
1422.88	2960.26
1445.89	2868.06
1469.28	2778.17
1493.04	2690.23
1517.19	2601.8
1541.73	2515.8
1566.67	2432.62
1592.01	2352.04
1617.76	2274.08
1643.92	2198.68
1670.51	2125.74
1697.53	2055.16
1724.99	1986.84
1752.89	1919.15
1781.24	1853.16
1810.05	1788.96
1839.32	1726.97
1869.07	1667.12
1899.3	1609.32
1930.02	1553.46
1961.24	1499.5
1992.96	1447.34
2025.2	1397.87
2057.95	1348.23
2091.24	1300.15
2125.06	1253.55
2159.43	1208.42
2194.36	1164.6
2229.85	1122.28
2265.92	1081.28
2302.57	1041.53
2339.81	1003.11
2377.66	965.868
2416.11	929.89
2455.19	895.063
2494.9	861.375
2535.26	828.781
2576.26	797.33
2617.93	2043.74
2660.27	1961.92
2703.3	2733.39
2747.03	2625.67
2791.46	2522.25
2836.61	2422.89
2882.49	2327.51
2929.11	2235.98
2976.48	2148.12
3024.63	2063.76
3073.55	1982.8
3123.26	1905
3173.78	1830.31
3225.11	2047.13
3277.27	1966.78
3330.28	1889.67
3384.15	1815.65
3438.88	1744.53
3494.5	1676.25
3551.02	1610.75
3608.46	1547.89
3666.82	1487.47
3726.13	1515.49
3786.4	1456.88
3847.64	1400.62
3909.87	1346.53
3973.11	1294.58
4037.37	1293.42
4102.68	1245.53
4169.03	1199.26
4236.46	1154.48
4304.99	1111.23
4374.62	1069.48
4445.37	1029.1
4517.27	990.139
4590.34	952.525
4664.58	916.201
4740.03	881.166
4816.69	847.374
4894.6	814.792
4973.77	783.36
5054.21	753.07
5135.96	723.874
5219.03	695.743
5303.44	668.636
5389.22	642.525
5476.39	617.386
5564.97	593.185
5654.98	569.882
5746.44	547.444
5839.38	525.852
5933.83	505.079
6029.81	485.099
6127.33	465.866
6226.44	447.379
6327.15	429.597
6429.48	412.499
6533.48	396.06
6639.15	380.257
6746.53	365.073
6855.65	350.468
6966.54	336.445
7079.22	322.967
7193.72	310.014
7310.07	297.568
7428.31	285.622
7548.45	274.143
7670.54	263.117
7794.61	252.534
7920.68	242.367
8048.79	232.601
8178.97	223.23
8311.26	214.233
8445.69	205.595
8582.29	197.296
8721.11	189.339
8862.16	181.703
9005.5	174.365
9151.16	167.331
9299.17	160.574
9449.58	154.092
9602.42	147.874
9757.73	141.911
9915.55	136.185
10075.9	130.575
10238.9	125.203
10404.5	120.057
10572.8	115.129
10743.8	110.41
10917.6	105.892
11094.2	101.566
11273.6	97.4226
11455.9	93.4561
11641.2	89.6596
11829.5	86.0251
12020.8	82.5455
12215.3	79.2158
12412.9	76.0273
12613.6	72.9762
12817.6	70.0556
13025	67.2608
13235.6	64.5849
13449.7	152.41
13667.2	145.826
13888.3	139.527
14112.9	133.5
14341.2	127.734
14573.1	122.216
14808.9	116.939
15048.4	111.887
15291.8	107.055
15539.1	102.431
15790.4	137.579
16045.8	132.222
16305.4	127.076
16569.1	138.569
16837.1	133.281
17109.4	128.172
17386.1	123.236
17667.4	118.469
17953.1	113.867
18243.5	109.426
18538.6	105.142
18838.4	101.009
19143.1	97.0254
19452.7	93.185
19767.4	89.4847
20087.1	85.9195
20412	82.4858
20742.1	79.1792
21077.6	75.9962
21418.5	72.9326
21765	69.985
22117	67.1487
22474.7	64.4207
22838.2	61.7971
23207.6	59.2748
23583	56.8499
23964.4	54.519
24352	52.2791
24745.9	50.1271
25146.1	48.0597
25552.9	46.0736
25966.2	44.1663
26386.1	42.3344
26812.9	40.5759
27246.6	38.8876
27687.3	37.2671
28135.1	35.7117
28590.2	34.2191
29052.6	32.7869
29522.5	31.4127
30000	30.0945
