10	101439
10.1617	102533
10.3261	103638
10.4931	104754
10.6628	105884
10.8353	107025
11.0106	108177
11.1886	109344
11.3696	110522
11.5535	111713
11.7404	112917
11.9303	114133
12.1232	114659
12.3193	115104
12.5186	115551
12.721	116001
12.9268	116452
13.1359	116904
13.3483	117359
13.5642	117815
13.7836	118273
14.0066	118732
14.2331	119194
14.4633	119650
14.6973	120090
14.935	120533
15.1765	120978
15.422	121424
15.6714	121871
15.9249	122321
16.1825	122771
16.4442	123224
16.7102	123678
16.9805	124133
17.2551	124221
17.5342	123975
17.8178	123730
18.106	123486
18.3989	123241
18.6964	122998
18.9988	122755
19.3061	122513
19.6184	122270
19.9357	122022
20.2582	121654
20.5858	121287
20.9188	120921
21.2571	120556
21.6009	120192
21.9503	119829
22.3053	119468
22.6661	119107
23.0327	118748
23.4053	118389
23.7838	118032
24.1685	117676
24.5594	117081
24.9566	116280
25.3603	115484
25.7705	114694
26.1873	113909
26.6109	113130
27.0413	112356
27.4786	111588
27.9231	110824
28.3747	109804
28.8337	107930
29.3	106088
29.7739	104278
30.2555	102498
30.7449	100749
31.2421	99029.9
31.7475	97339.9
32.2609	95678.5
32.7827	94045.8
33.313	92205.2
33.8518	90212.4
34.3993	88262.5
34.9557	86355
35.5211	84488.7
36.0956	82662.6
36.6794	80875.8
37.2727	79128
37.8755	77590.1
38.4882	76093.4
39.1107	74625.5
39.7433	73186
40.3861	71774.2
41.0393	70389.7
41.7031	69031.9
42.3776	67706.3
43.063	66409
43.7595	65136.2
44.4673	63888
45.1865	62663.7
45.9174	61462.9
46.66	60285.6
47.4147	59138.9
48.1816	58014.2
48.9609	56910.7
49.7528	55828.2
50.5576	54766.3
51.3753	53913.5
52.2062	53139.7
53.0506	52471.9
53.9087	52854.2
54.7806	53239.6
55.6667	54084.3
56.567	55581.3
57.482	62683.6
58.4117	76625.3
59.3564	93669
60.3165	114501
61.2921	124106
62.2834	126664
63.2908	123462
64.3145	118733
65.3547	114409
66.4118	110475
67.4859	106676
68.5775	103007
69.6867	99464.6
70.8138	96210.1
71.9592	93364.6
73.123	90603.4
74.3057	87923.8
75.5076	85323.5
76.7289	82817.6
77.9699	81486
79.231	80175.7
80.5125	78886.5
81.8147	77618
83.138	76370
84.4827	75142
85.8492	73933.8
87.2377	72745
88.6487	71575.3
90.0825	70424.4
91.5395	69433.6
93.0201	68502.8
94.5247	67584.3
96.0535	66678.2
97.6071	65784.2
99.1858	64902.3
100.79	64032.1
102.42	63173.6
104.077	62265.4
105.76	61164.1
107.471	60082.2
109.209	59019.5
110.975	57975.6
112.77	56950
114.594	55942.7
116.448	54953.3
118.331	53981.3
120.245	53026.4
122.19	52088.5
124.166	51167.2
126.175	50262.2
128.215	49431.6
130.289	48706.7
132.397	47733.5
134.538	46779.2
136.714	45844
138.925	44927.6
141.172	44029.8
143.456	43150.1
145.776	42287.7
148.134	41442.3
150.53	40613.6
152.964	39802.4
155.439	39007.1
157.953	38227.5
160.507	37407
163.103	36579.1
165.742	35737.8
168.422	34915.3
171.146	34111.8
173.915	33326.9
176.727	32560.1
179.586	31811.2
182.491	31079.5
185.442	30364.3
188.442	29658.4
191.49	28953.6
194.587	28228.3
197.734	27521.4
200.932	26832.4
204.182	26160.1
207.485	25501.7
210.84	24856
214.251	24200.4
217.716	23560.7
221.237	22937.9
224.816	22332.3
228.452	21742.4
232.147	21167.6
235.902	20608.4
239.717	20055.6
243.595	19508
247.535	18967.8
251.538	18441.7
255.607	17930.3
259.741	17432.8
263.942	16949.1
268.211	16478.7
272.549	16008.3
276.957	15547.2
281.437	15098
285.989	14661.3
290.615	14237.2
295.315	13825.5
300.092	13422.2
304.945	13027.4
309.878	12640.6
314.89	12264.8
319.983	11900.3
325.158	11546.9
330.418	11199.9
335.762	10861.4
341.192	10530.9
346.711	10210.1
352.319	9899.09
358.017	9597.51
363.808	9300.9
369.692	9012.42
375.672	8732.45
381.748	8461.16
387.922	8197.43
394.197	7940.05
400.573	7689.46
407.052	7446.24
413.635	7210.73
420.326	6980.99
427.124	6757.85
434.032	6540.5
441.052	6330.09
448.186	6126.15
455.435	5927.43
462.802	5734.77
470.287	5548.16
477.894	5367.58
485.623	5190.21
493.478	5017.72
501.459	4850.96
509.57	4689.77
517.812	4534.14
526.187	4384.45
534.698	4241.18
543.346	4103.3
552.134	3969.98
561.065	3837.57
570.14	3708.28
579.361	3585.36
588.732	3467.11
598.254	3353.11
607.93	3242.8
617.763	3136.17
627.755	3032.91
637.909	2930.82
648.226	2828.99
658.711	2728.67
669.365	2631.94
680.191	2544.28
691.193	2463.76
702.372	2386.66
713.733	2307.84
725.277	2228.86
737.008	2152.53
748.928	2078.82
761.042	2007.62
773.351	1938.87
785.859	15051.7
798.57	14539.7
811.486	14045.1
824.611	13567.4
837.949	13105.8
851.502	12660.6
865.274	12211.8
879.269	11762.4
893.491	11319.4
907.942	11110.2
922.628	11142.2
937.551	11174.2
952.715	10964.5
968.124	10532.7
983.783	10118.1
999.695	9722.08
1015.86	9343.85
1032.29	9000.97
1048.99	8667.43
1065.96	8342.5
1083.2	8029.81
1100.72	7728.81
1118.52	7439.16
1136.61	7160.24
1155	6891.9
1173.68	6633.57
1192.66	6384.88
1211.95	6145.52
1231.55	5915.15
1251.47	5691.79
1271.72	5475.07
1292.28	5264.39
1313.19	5061.88
1334.43	4867.15
1356.01	4679.86
1377.94	4499.8
1400.23	4326.7
1422.88	4160.26
1445.89	4000.18
1469.28	3845.95
1493.04	3697.16
1517.19	3552.02
1541.73	3412.28
1566.67	3278.01
1592.01	3149.06
1617.76	3025.18
1643.92	2906.16
1670.51	2791.87
1697.53	2682.07
1724.99	2576.56
1752.89	2472.98
1781.24	2372.84
1810.05	2276.26
1839.32	2183.61
1869.07	2094.72
1899.3	2009.43
1930.02	1927.61
1961.24	1849.15
1992.96	1773.92
2025.2	1702.53
2057.95	1632.34
2091.24	1564.93
2125.06	1500.04
2159.43	1437.75
2194.36	1378.01
2229.85	1320.58
2265.92	1265.43
2302.57	1212.5
2339.81	1161.67
2377.66	1112.93
2416.11	1066.09
2455.19	1021.24
2494.9	978.142
2535.26	936.825
2576.26	897.197
2617.93	859.198
2660.27	822.75
2703.3	787.816
2747.03	754.317
2791.46	722.208
2836.61	691.434
2882.49	661.935
2929.11	633.67
2976.48	606.579
3024.63	580.625
3073.55	555.762
3123.26	531.937
3173.78	509.119
3225.11	487.266
3277.27	466.335
3330.28	446.287
3384.15	427.087
3438.88	408.7
3494.5	391.104
3551.02	374.251
3608.46	358.116
3666.82	342.672
3726.13	327.884
3786.4	313.729
3847.64	300.181
3909.87	287.212
3973.11	274.798
4037.37	262.924
4102.68	251.558
4169.03	240.68
4236.46	230.273
4304.99	220.317
4374.62	210.784
4445.37	201.67
4517.27	192.942
4590.34	184.603
4664.58	176.615
4740.03	168.976
4816.69	161.67
4894.6	154.679
4973.77	147.991
5054.21	141.6
5135.96	135.479
5219.03	129.627
5303.44	124.031
5389.22	118.679
5476.39	113.559
5564.97	108.66
5654.98	103.977
5746.44	99.4914
5839.38	95.2097
5933.83	91.1121
6029.81	87.1928
6127.33	83.4444
6226.44	79.8601
6327.15	76.4324
6429.48	73.1534
6533.48	70.0184
6639.15	67.0197
6746.53	64.1524
6855.65	61.4099
6966.54	58.7873
7079.22	56.2789
7193.72	53.88
7310.07	51.5855
7428.31	49.3922
7548.45	47.2939
7670.54	45.286
7794.61	341.985
7920.68	328.762
8048.79	315.979
8178.97	303.628
8311.26	291.696
8445.69	280.19
8582.29	269.074
8721.11	258.358
8862.16	248.019
9005.5	238.057
9151.16	228.46
9299.17	219.207
9449.58	210.297
9602.42	201.719
9757.73	193.456
9915.55	185.515
10075.9	177.868
10238.9	170.514
10404.5	163.441
10572.8	156.642
10743.8	150.106
10917.6	143.825
11094.2	137.791
11273.6	131.992
11455.9	126.423
11641.2	121.077
11829.5	115.944
12020.8	111.016
12215.3	106.288
12412.9	101.749
12613.6	97.3951
12817.6	93.2183
13025	89.2134
13235.6	85.371
13449.7	81.6878
13667.2	78.1554
13888.3	74.7706
14112.9	71.5257
14341.2	68.4164
14573.1	65.4363
14808.9	62.5822
15048.4	59.8469
15291.8	57.2275
15539.1	54.7178
15790.4	52.3148
16045.8	50.0141
16305.4	47.8115
16569.1	45.702
16837.1	43.6833
17109.4	41.7506
17386.1	39.9009
17667.4	38.1312
17953.1	36.4372
18243.5	34.8166
18538.6	33.2662
18838.4	31.7827
19143.1	30.3638
19452.7	29.0065
19767.4	27.7087
20087.1	26.4672
20412	25.2801
20742.1	24.1448
21077.6	23.0594
21418.5	22.0217
21765	21.0298
22117	20.0814
22474.7	19.1749
22838.2	18.3085
23207.6	17.4804
23583	16.689
23964.4	15.9327
24352	15.21
24745.9	14.5195
25146.1	13.8597
25552.9	13.2293
25966.2	12.6271
26386.1	12.0517
26812.9	11.5021
27246.6	10.9772
27687.3	10.4758
28135.1	9.99689
28590.2	9.53956
29052.6	9.10275
29522.5	8.68563
30000	8.28732
