10	85538.8
10.1617	87891
10.3261	90305.4
10.4931	92787.8
10.6628	95339.1
10.8353	97958.4
11.0106	100650
11.1886	103370
11.3696	105904
11.5535	108501
11.7404	111161
11.9303	113887
12.1232	116681
12.3193	119542
12.5186	122472
12.721	125477
12.9268	128484
13.1359	131565
13.3483	134722
13.5642	137952
13.7836	141260
14.0066	144866
14.2331	149000
14.4633	153253
14.6973	157624
14.935	162122
15.1765	164422
15.422	166213
15.6714	168025
15.9249	169856
16.1825	171706
16.4442	173577
16.7102	174109
16.9805	174495
17.2551	174883
17.5342	175272
17.8178	175661
18.106	175352
18.3989	174142
18.6964	172942
18.9988	171749
19.3061	170565
19.6184	168995
19.9357	167244
20.2582	165510
20.5858	163795
20.9188	162098
21.2571	160419
21.6009	158172
21.9503	155219
22.3053	152322
22.6661	149478
23.0327	146687
23.4053	143949
23.7838	139399
24.1685	134867
24.5594	130482
24.9566	126239
25.3603	122135
25.7705	118164
26.1873	114322
26.6109	109771
27.0413	104665
27.4786	99795.7
27.9231	95154.1
28.3747	90727.7
28.8337	86507.9
29.3	82584.1
29.7739	78956.6
30.2555	75488.5
30.7449	72173
31.2421	69002.7
31.7475	65972
32.2609	63144.1
32.7827	60489.6
33.313	57947
33.8518	55510.9
34.3993	53177.2
34.9557	50929
35.5211	48768.1
36.0956	46698.9
36.6794	44717.6
37.2727	42820.2
37.8755	41787.8
38.4882	40895.2
39.1107	40372.5
39.7433	39960.5
40.3861	40507.2
41.0393	41195.4
41.7031	42210.3
42.3776	44352.7
43.063	46604
43.7595	52589
44.4673	60596.7
45.1865	69824.4
45.9174	80456.1
46.66	92125.3
47.4147	96597.1
48.1816	101286
48.9609	106202
49.7528	110531
50.5576	112850
51.3753	115218
52.2062	117635
53.0506	119387
53.9087	119538
54.7806	119689
55.6667	119840
56.567	119992
57.482	118226
58.4117	115844
59.3564	113510
60.3165	111222
61.2921	107700
62.2834	104230
63.2908	100873
64.3145	97623.9
65.3547	94479.3
66.4118	90835.9
67.4859	87217.6
68.5775	83743.7
69.6867	80421.5
70.8138	77615
71.9592	74906.3
73.123	72292.3
74.3057	69769.4
75.5076	67762.5
76.7289	65879.7
77.9699	64049.2
79.231	62269.6
80.5125	60539.4
81.8147	58988.3
83.138	57709
84.4827	56457.4
85.8492	55233.1
87.2377	54035.2
88.6487	52863.4
90.0825	51707.9
91.5395	50567.8
93.0201	49452.7
94.5247	48362.2
96.0535	47295.9
97.6071	46252.9
99.1858	45507.2
100.79	44783
102.42	44070.3
104.077	43369
105.76	42678.7
107.471	41999.6
109.209	41533.8
110.975	41089.6
112.77	40650.1
114.594	40215.2
116.448	39785
118.331	39359.4
120.245	38864
122.19	38189.6
124.166	37526.9
126.175	36875.7
128.215	36235.8
130.289	35606.9
132.397	34989.1
134.538	34282.1
136.714	33589.2
138.925	32910.4
141.172	32245.3
143.456	31593.6
145.776	30955.1
148.134	30342.5
150.53	29765.4
152.964	29199.3
155.439	28644.1
157.953	28099.3
160.507	27564.9
163.103	27040.7
165.742	26526.4
168.422	25896.7
171.146	25201.8
173.915	24525.7
176.727	23867.5
179.586	23227.2
182.491	22604
185.442	21997.5
188.442	21407.3
191.49	20917.6
194.587	20462.3
197.734	20016.8
200.932	19580.9
204.182	19154.7
207.485	18737.7
210.84	18329.7
214.251	17930.7
217.716	17523.5
221.237	17079.5
224.816	16646.7
228.452	16224.9
232.147	15813.8
235.902	15413.1
239.717	15022.6
243.595	14642
247.535	14271
251.538	13909.3
255.607	13549.8
259.741	13199.2
263.942	12857.7
268.211	12525
272.549	12200.9
276.957	11885.3
281.437	11577.8
285.989	11251.6
290.615	10914.9
295.315	10588.3
300.092	10271.5
304.945	9964.08
309.878	9665.55
314.89	9369.97
319.983	9083.42
325.158	8805.63
330.418	8536.37
335.762	8275.31
341.192	8022.21
346.711	7757.59
352.319	7475.6
358.017	7203.85
363.808	6942
369.692	6689.65
375.672	6446.51
381.748	6213.97
387.922	5999.23
394.197	5791.95
400.573	5591.8
407.052	5398.58
413.635	5212.02
420.326	5048.5
427.124	4898.39
434.032	4752.76
441.052	4611.46
448.186	4474.36
455.435	4341.32
462.802	4212.25
470.287	4083.94
477.894	3958.86
485.623	3837.6
493.478	3720.06
501.459	3604.75
509.57	3489.11
517.812	3377.18
526.187	3268.85
534.698	3163.98
543.346	3054.36
552.134	2945.32
561.065	2840.18
570.14	2738.77
579.361	23324
588.732	22290
598.254	21301.7
607.93	20357.2
617.763	19454.7
627.755	18592.1
637.909	17867.2
648.226	17346.4
658.711	16840.9
669.365	16442.6
680.191	16261.7
691.193	16082.7
702.372	15905.7
713.733	15730.8
725.277	15557.7
737.008	15242.7
748.928	14745.6
761.042	14264.6
773.351	13799.4
785.859	13349.3
798.57	12914
811.486	12492.7
824.611	12085.3
837.949	11661.6
851.502	11176.7
865.274	10712
879.269	10266.6
893.491	9839.83
907.942	9455.4
922.628	9095.53
937.551	8749.38
952.715	8416.38
968.124	8079.3
983.783	7749.89
999.695	7433.89
1015.86	7141.39
1032.29	6868.05
1048.99	6603.03
1065.96	6345.97
1083.2	6098.83
1100.72	5861.33
1118.52	5633.05
1136.61	5413.73
1155	5202.96
1173.68	5000.34
1192.66	4805.57
1211.95	4618.42
1231.55	4438.56
1251.47	4264.89
1271.72	4097.12
1292.28	3934.77
1313.19	3778.92
1334.43	3629.25
1356.01	3485.47
1377.94	3347.35
1400.23	3214.73
1422.88	3087.42
1445.89	2965.08
1469.28	2847.13
1493.04	2733.15
1517.19	2620.91
1541.73	2512.89
1566.67	2409.32
1592.01	2309.99
1617.76	2214.76
1643.92	2123.46
1670.51	2035.97
1697.53	1952.06
1724.99	1871.61
1752.89	1793.44
1781.24	1718.21
1810.05	1645.91
1839.32	1576.63
1869.07	1510.26
1899.3	1446.67
1930.02	1385.8
1961.24	1327.48
1992.96	1271.57
2025.2	1218.58
2057.95	1166.91
2091.24	1117.34
2125.06	1069.82
2159.43	1024.31
2194.36	980.613
2229.85	938.765
2265.92	898.668
2302.57	860.247
2339.81	823.415
2377.66	788.148
2416.11	754.347
2455.19	721.981
2494.9	690.968
2535.26	661.275
2576.26	632.835
2617.93	605.601
2660.27	579.527
2703.3	554.558
2747.03	530.653
2791.46	507.766
2836.61	485.859
2882.49	464.882
2929.11	444.809
2976.48	425.602
3024.63	407.22
3073.55	389.622
3123.26	372.783
3173.78	356.669
3225.11	341.25
3277.27	326.496
3330.28	312.384
3384.15	298.878
3438.88	285.954
3494.5	273.592
3551.02	261.771
3608.46	250.46
3666.82	239.642
3726.13	229.287
3786.4	219.396
3847.64	209.923
3909.87	200.868
3973.11	192.202
4037.37	183.921
4102.68	175.996
4169.03	168.42
4236.46	161.177
4304.99	154.249
4374.62	147.621
4445.37	141.279
4517.27	135.216
4590.34	129.427
4664.58	123.884
4740.03	118.583
4816.69	113.514
4894.6	108.665
4973.77	104.032
5054.21	99.5988
5135.96	95.3633
5219.03	91.3101
5303.44	87.4355
5389.22	83.7303
5476.39	80.1868
5564.97	76.7985
5654.98	73.5574
5746.44	70.4589
5839.38	67.496
5933.83	64.6617
6029.81	511.03
6127.33	491.405
6226.44	472.439
6327.15	454.105
6429.48	436.385
6533.48	419.271
6639.15	402.745
6746.53	386.795
6855.65	371.416
6966.54	356.577
7079.22	342.262
7193.72	328.473
7310.07	315.191
7428.31	302.396
7548.45	290.065
7670.54	278.204
7794.61	266.781
7920.68	255.793
8048.79	245.224
8178.97	235.063
8311.26	225.289
8445.69	215.9
8582.29	206.865
8721.11	198.187
8862.16	189.855
9005.5	181.847
9151.16	174.16
9299.17	166.774
9449.58	159.687
9602.42	152.891
9757.73	146.367
9915.55	140.099
10075.9	134.09
10238.9	128.33
10404.5	122.803
10572.8	117.505
10743.8	112.425
10917.6	107.555
11094.2	102.887
11273.6	98.4133
11455.9	94.1259
11641.2	90.0189
11829.5	86.0838
12020.8	82.3146
12215.3	78.7051
12412.9	75.2473
12613.6	71.9372
12817.6	68.7673
13025	65.7331
13235.6	62.8275
13449.7	60.047
13667.2	57.3854
13888.3	54.8388
14112.9	52.4014
14341.2	50.0696
14573.1	47.8382
14808.9	45.7043
15048.4	43.6625
15291.8	41.7096
15539.1	39.8417
15790.4	38.0553
16045.8	36.3471
16305.4	34.7141
16569.1	33.1523
16837.1	31.6592
17109.4	30.2318
17386.1	28.8673
17667.4	27.5633
17953.1	26.3165
18243.5	25.1252
18538.6	23.9867
18838.4	22.8985
19143.1	21.8588
19452.7	20.8654
19767.4	19.9163
20087.1	19.0094
20412	18.1432
20742.1	17.3155
21077.6	16.525
21418.5	15.7699
21765	15.0488
22117	14.36
22474.7	13.7022
22838.2	13.074
23207.6	12.4742
23583	11.9014
23964.4	11.3544
24352	10.8322
24745.9	10.3337
25146.1	9.85773
25552.9	9.4033
25966.2	8.96952
26386.1	8.5554
26812.9	8.16019
27246.6	7.78293
27687.3	7.42289
28135.1	7.0792
28590.2	6.75125
29052.6	6.43826
29522.5	6.13955
30000	5.85453
