10	1359.6
10.1617	1308.24
10.3261	1258.83
10.4931	1211.28
10.6628	1165.52
10.8353	1121.5
11.0106	1203.56
11.1886	1411.19
11.3696	1751.72
11.5535	1869.59
11.7404	1884.36
11.9303	2149.58
12.1232	2785.27
12.3193	3886.16
12.5186	5828.47
12.721	9134.44
12.9268	12940.2
13.1359	19718.2
13.3483	24288.6
13.5642	29614
13.7836	35639
14.0066	42429.5
14.2331	52790.9
14.4633	63952.9
14.6973	78965.5
14.935	100722
15.1765	145384
15.422	183055
15.6714	212135
15.9249	222974
16.1825	234367
16.4442	243881
16.7102	252883
16.9805	259270
17.2551	257359
17.5342	255462
17.8178	253578
18.106	251708
18.3989	249852
18.6964	242875
18.9988	235511
19.3061	228370
19.6184	221446
19.9357	213533
20.2582	205728
20.5858	198208
20.9188	190911
21.2571	182050
21.6009	173602
21.9503	165545
22.3053	156917
22.6661	148436
23.0327	140413
23.4053	132824
23.7838	125764
24.1685	119348
24.5594	113258
24.9566	107479
25.3603	100720
25.7705	92913.3
26.1873	85711.3
26.6109	80245.8
27.0413	75586.1
27.4786	71196.8
27.9231	67063
28.3747	63093.4
28.8337	59280.7
29.3	55697.6
29.7739	52331.5
30.2555	49267.5
30.7449	46416.2
31.2421	43729.5
31.7475	41198.9
32.2609	38814.1
32.7827	35724.1
33.313	32736.5
33.8518	30277
34.3993	28058.1
34.9557	26002
35.5211	24096.5
36.0956	22330.6
36.6794	20694.1
37.2727	19177.6
37.8755	17772.2
38.4882	16469.9
39.1107	15286.3
39.7433	14261.9
40.3861	13306.4
41.0393	12414.7
41.7031	11583
42.3776	10881.5
43.063	10238.9
43.7595	9634.26
44.4673	9065.27
45.1865	8529.94
45.9174	8121.97
46.66	7745.28
47.4147	7398.05
48.1816	7086.52
48.9609	6788.08
49.7528	6563.26
50.5576	6389.73
51.3753	6220.73
52.2062	6068.71
53.0506	5920.63
53.9087	5776.15
54.7806	5648.35
55.6667	5527.75
56.567	5409.72
57.482	5373.7
58.4117	5377.99
59.3564	5381.83
60.3165	5385.4
61.2921	5388.99
62.2834	5392.63
63.2908	5420.75
64.3145	5519.07
65.3547	5619.14
66.4118	5721
67.4859	5824.78
68.5775	5930.39
69.6867	6102.18
70.8138	6391.61
71.9592	6759.18
73.123	8208.21
74.3057	17188.9
75.5076	23213.5
76.7289	21989.5
77.9699	22765.8
79.231	25972.4
80.5125	30720.3
81.8147	36336.2
83.138	42873.1
84.4827	50409.7
85.8492	59272.1
87.2377	67992.4
88.6487	76401.5
90.0825	85851.3
91.5395	96469.2
93.0201	101968
94.5247	107152
96.0535	112599
97.6071	118322
99.1858	121850
100.79	123216
102.42	124596
104.077	125991
105.76	127403
107.471	126052
109.209	124202
110.975	122380
112.77	119255
114.594	115518
116.448	106408
118.331	97461.1
120.245	89204.8
122.19	81163.5
124.166	73845.8
126.175	65872
128.215	57802.4
130.289	50470.4
132.397	43821.4
134.538	38030.9
136.714	32444.2
138.925	27677.9
141.172	23458.1
143.456	19862.7
145.776	16817.4
148.134	14269.8
150.53	12108.5
152.964	10483.2
155.439	9232.53
157.953	8136.65
160.507	7197.71
163.103	6367.3
165.742	5632.92
168.422	5130.05
171.146	4699.08
173.915	4390.58
176.727	4215
179.586	4046.51
182.491	3900.34
185.442	3904.14
188.442	3944.47
191.49	4003.12
194.587	4062.57
197.734	4062.35
200.932	4118.08
204.182	4172.33
207.485	4241.27
210.84	4330.07
214.251	4455.54
217.716	4590.25
221.237	4733
224.816	4880.51
228.452	5031.42
232.147	5184.7
235.902	5334.69
239.717	5482.96
243.595	5627.52
247.535	5765.08
251.538	5897.51
255.607	6020.96
259.741	6133.69
263.942	6240.99
268.211	6342.91
272.549	6426.83
276.957	6503.96
281.437	6577.61
285.989	6632.38
290.615	6680.08
295.315	6719.28
300.092	6747.58
304.945	6767.52
309.878	6777.49
314.89	6780.96
319.983	6776.03
325.158	6760.8
330.418	6740.44
335.762	6714.08
341.192	6677.43
346.711	6636.62
352.319	6592.18
358.017	6537.88
363.808	6478.57
369.692	6416.88
375.672	6351.36
381.748	6279.89
387.922	6206.93
394.197	6133.79
400.573	6051.79
407.052	5967.08
413.635	5883.64
420.326	5797.25
427.124	5710.48
434.032	5621.95
441.052	5534.84
448.186	5440.5
455.435	5305.36
462.802	5191.38
470.287	5089.25
477.894	4989.07
485.623	4890.92
493.478	4794.72
501.459	4700.38
509.57	4607.89
517.812	4516.44
526.187	4424.12
534.698	4328.65
543.346	4232.79
552.134	4139.06
561.065	4044.92
570.14	3951.55
579.361	3858.84
588.732	3768.03
598.254	3679.16
607.93	3592.36
617.763	3507.63
627.755	3424.7
637.909	3340.96
648.226	3255.29
658.711	3169.26
669.365	3085.51
680.191	3008.58
691.193	2937.05
702.372	2868.12
713.733	2797.82
725.277	2727.22
737.008	15410.3
748.928	14810.2
761.042	14233.5
773.351	13679.2
785.859	13146.4
798.57	12634.5
811.486	12142.5
824.611	11690.9
837.949	11259.6
851.502	10844.3
865.274	10444.2
879.269	10059
893.491	9687.88
907.942	9353.41
922.628	9057.01
937.551	8769.98
952.715	8833.46
968.124	8919.75
983.783	9006.84
999.695	9094.83
1015.86	9183.59
1032.29	8873.69
1048.99	8558.97
1065.96	8255.44
1083.2	7983.5
1100.72	7770.59
1118.52	7563.34
1136.61	7361.64
1155	7165.36
1173.68	6940.95
1192.66	6714.98
1211.95	6496.39
1231.55	6284.93
1251.47	6080.34
1271.72	5882.45
1292.28	5700.68
1313.19	5530.66
1334.43	5365.74
1356.01	5205.7
1377.94	5050.46
1400.23	4899.85
1422.88	4753.74
1445.89	4610.31
1469.28	4470.53
1493.04	4334.96
1517.19	4203.53
1541.73	4076.07
1566.67	3952.49
1592.01	3823.02
1617.76	3684.44
1643.92	3551.04
1670.51	3422.5
1697.53	3298.63
1724.99	3179.21
1752.89	3062.25
1781.24	2948.95
1810.05	2839.34
1839.32	2733.84
1869.07	2632.26
1899.3	2534.42
1930.02	2440.23
1961.24	2349.56
1992.96	2262.31
2025.2	2179.19
2057.95	2097.42
2091.24	2018.55
2125.06	1942.43
2159.43	1869.13
2194.36	1798.45
2229.85	1730.32
2265.92	1664.72
2302.57	1601.45
2339.81	1540.5
2377.66	1481.87
2416.11	1425.29
2455.19	1370.83
2494.9	1318.34
2535.26	1267.85
2576.26	1219.2
2617.93	1172.36
2660.27	1127.2
2703.3	1083.79
2747.03	1042.01
2791.46	1001.77
2836.61	963.018
2882.49	925.733
2929.11	889.843
2976.48	855.304
3024.63	822.065
3073.55	790.084
3123.26	759.3
3173.78	729.685
3225.11	701.191
3277.27	673.77
3330.28	647.386
3384.15	622.011
3438.88	597.593
3494.5	574.106
3551.02	551.514
3608.46	529.785
3666.82	508.877
3726.13	488.78
3786.4	469.438
3847.64	450.838
3909.87	432.948
3973.11	415.74
4037.37	399.194
4102.68	383.284
4169.03	367.985
4236.46	353.272
4304.99	339.124
4374.62	325.523
4445.37	312.435
4517.27	299.86
4590.34	287.772
4664.58	276.139
4740.03	264.961
4816.69	254.212
4894.6	243.877
4973.77	233.945
5054.21	686.493
5135.96	655.927
5219.03	626.736
5303.44	598.838
5389.22	790.35
5476.39	758.225
5564.97	727.417
5654.98	697.851
5746.44	760.267
5839.38	731.196
5933.83	703.097
6029.81	675.955
6127.33	649.735
6226.44	624.42
6327.15	599.995
6429.48	576.43
6533.48	553.693
6639.15	531.765
6746.53	510.636
6855.65	490.274
6966.54	470.66
7079.22	451.769
7193.72	433.574
7310.07	416.061
7428.31	399.211
7548.45	382.988
7670.54	367.389
7794.61	352.388
7920.68	337.955
8048.79	324.078
8178.97	310.743
8311.26	297.93
8445.69	285.614
8582.29	273.776
8721.11	262.414
8862.16	251.499
9005.5	241.02
9151.16	230.948
9299.17	221.29
9449.58	212.017
9602.42	203.117
9757.73	194.578
9915.55	186.383
10075.9	178.52
10238.9	170.979
10404.5	163.746
10572.8	156.808
10743.8	150.156
10917.6	143.778
11094.2	137.663
11273.6	131.8
11455.9	126.18
11641.2	120.794
11829.5	115.633
12020.8	110.686
12215.3	105.948
12412.9	101.406
12613.6	97.0559
12817.6	92.8879
13025	88.8969
13235.6	85.0721
13449.7	81.41
13667.2	77.9023
13888.3	74.5438
14112.9	71.3273
14341.2	68.2478
14573.1	65.2986
14808.9	62.4763
15048.4	59.7735
15291.8	57.1863
15539.1	54.7095
15790.4	52.3386
16045.8	50.0697
16305.4	47.8984
16569.1	45.8197
16837.1	43.8306
17109.4	41.9271
17386.1	40.1055
17667.4	38.3627
17953.1	36.6947
18243.5	35.099
18538.6	33.5721
18838.4	32.111
19143.1	30.7135
19452.7	29.3763
19767.4	28.0973
20087.1	26.8735
20412	25.703
20742.1	24.5831
21077.6	23.5118
21418.5	22.4873
21765	21.5074
22117	20.5699
22474.7	19.6732
22838.2	18.8157
23207.6	17.9955
23583	17.2111
23964.4	16.4607
24352	15.7431
24745.9	15.0569
25146.1	14.4007
25552.9	13.773
25966.2	13.1729
26386.1	12.5987
26812.9	12.0498
27246.6	11.5249
27687.3	11.0228
28135.1	10.5427
28590.2	10.0837
29052.6	9.64465
29522.5	9.22481
30000	8.82335
