10	86140.4
10.1617	86911.1
10.3261	87687.6
10.4931	88471.8
10.6628	89262.8
10.8353	90060.6
11.0106	90864.9
11.1886	91678.7
11.3696	92498
11.5535	93325.1
11.7404	94159
11.9303	95000.8
12.1232	95851.2
12.3193	96708.1
12.5186	97571.9
12.721	98445.5
12.9268	99325
13.1359	100213
13.3483	101110
13.5642	102014
13.7836	102926
14.0066	103845
14.2331	104775
14.4633	105657
14.6973	106499
14.935	107349
15.1765	108205
15.422	109067
15.6714	109785
15.9249	110405
16.1825	111030
16.4442	111658
16.7102	112289
16.9805	112924
17.2551	112792
17.5342	112344
17.8178	111898
18.106	111454
18.3989	111012
18.6964	109995
18.9988	108985
19.3061	107984
19.6184	106992
19.9357	106009
20.2582	104619
20.5858	102817
20.9188	101046
21.2571	99305.9
21.6009	97596
21.9503	96663.1
22.3053	95996.2
22.6661	95333.5
23.0327	94675.7
23.4053	94222.2
23.7838	94568
24.1685	94914.6
24.5594	95262.6
24.9566	95612
25.3603	95962.3
25.7705	97018.2
26.1873	98419.6
26.6109	99841.1
27.0413	101283
27.4786	102747
27.9231	104230
28.3747	105736
28.8337	106144
29.3	106399
29.7739	106655
30.2555	106911
30.7449	107168
31.2421	107374
31.7475	105493
32.2609	103644
32.7827	101828
33.313	99992.9
33.8518	97078.6
34.3993	94249
34.9557	91502.3
35.5211	88835.5
36.0956	86246.3
36.6794	83732.6
37.2727	82135.7
37.8755	81228.5
38.4882	80331.1
39.1107	79444
39.7433	78566.4
40.3861	77698.7
41.0393	76840.3
41.7031	76615.2
42.3776	76626.5
43.063	76637.8
43.7595	76649.2
44.4673	76660.5
45.1865	76671.9
45.9174	76683
46.66	76694.5
47.4147	76564.3
48.1816	76335.4
48.9609	76107.2
49.7528	75879.5
50.5576	75652.5
51.3753	75426.2
52.2062	75200.8
53.0506	74976
53.9087	74769.9
54.7806	74587.8
55.6667	74406.1
56.567	74224.9
57.482	74044
58.4117	73863.6
59.3564	73683.8
60.3165	73500.5
61.2921	73223
62.2834	72946.5
63.2908	72670.8
64.3145	72396.3
65.3547	72122.9
66.4118	71850.4
67.4859	71579
68.5775	71308.6
69.6867	70805.6
70.8138	70279.7
71.9592	69757.6
73.123	69239.6
74.3057	68725.3
75.5076	68214.8
76.7289	67708.2
77.9699	67223
79.231	66780.4
80.5125	66340.6
81.8147	65903.7
83.138	65469.7
84.4827	65038.5
85.8492	64726.8
87.2377	64490.2
88.6487	64254.5
90.0825	64019.6
91.5395	63785.6
93.0201	63552.4
94.5247	63320.2
96.0535	63149.1
97.6071	62994.4
99.1858	62839.9
100.79	62685.9
102.42	62532.4
104.077	62378.9
105.76	62226.2
107.471	62043.9
109.209	61816.2
110.975	61589.1
112.77	61362.7
114.594	61137.2
116.448	60912.7
118.331	60688.8
120.245	60466.2
122.19	60232
124.166	59749.1
126.175	59270.3
128.215	58795.5
130.289	58324.1
132.397	57856.8
134.538	57392.7
136.714	56933
138.925	56476.8
141.172	56024
143.456	55574.8
145.776	55096.4
148.134	54217.6
150.53	53352.4
152.964	52501.5
155.439	51664.2
157.953	50840.2
160.507	50029.3
163.103	49231
165.742	48445.8
168.422	47673.1
171.146	46912.7
173.915	45879
176.727	44797.9
179.586	43742.4
182.491	42711.7
185.442	41705.4
188.442	40722.9
191.49	39763.1
194.587	38826.4
197.734	37911.7
200.932	36922.3
204.182	35917.9
207.485	34941
210.84	33990.6
214.251	33066.1
217.716	32201.2
221.237	31361.8
224.816	30544.3
228.452	29748
232.147	28972.4
235.902	28217.1
239.717	27481.6
243.595	26765.2
247.535	26029.8
251.538	25311.4
255.607	24613
259.741	23933.8
263.942	23273.3
268.211	22631.1
272.549	22006.5
276.957	21399.3
281.437	20808.8
285.989	20234.5
290.615	19676.2
295.315	19133.2
300.092	18605.2
304.945	18085.2
309.878	17553.3
314.89	17036.9
319.983	16535.8
325.158	16049.4
330.418	15577.3
335.762	15119.1
341.192	14674.4
346.711	14242.8
352.319	13823.8
358.017	13417.2
363.808	13017.8
369.692	12627.7
375.672	12249.5
381.748	11882.5
387.922	11526.5
394.197	11181.2
400.573	10846.2
407.052	10521.3
413.635	10181.1
420.326	9819.88
427.124	9471.43
434.032	9135.33
441.052	8811.21
448.186	8498.57
455.435	8197.01
462.802	7918.38
470.287	7688.94
477.894	7466.17
485.623	7249.82
493.478	7039.76
501.459	6835.78
509.57	6630.83
517.812	6411.09
526.187	6198.6
534.698	5993.18
543.346	5794.54
552.134	5602.51
561.065	5416.83
570.14	5237.3
579.361	5063.73
588.732	4885.79
598.254	4709.82
607.93	4540.2
617.763	4376.69
627.755	4219.07
637.909	4067.11
648.226	3918.32
658.711	3769.01
669.365	3625.38
680.191	3487.22
691.193	3354.33
702.372	3226.51
713.733	3115.13
725.277	3017.58
737.008	2923.08
748.928	2831.54
761.042	2742.87
773.351	2656.98
785.859	2569.21
798.57	2475.41
811.486	2385.04
824.611	2297.97
837.949	2214.08
851.502	2133.26
865.274	2034.16
879.269	1937.01
893.491	1849.82
907.942	1776.66
922.628	1621.35
937.551	12921.6
952.715	12337.4
968.124	11779.6
983.783	11247.4
999.695	10739.2
1015.86	10253.9
1032.29	9790.52
1048.99	9432.99
1065.96	9179.07
1083.2	8931.97
1100.72	8691.57
1118.52	8457.66
1136.61	8229.94
1155	8008.45
1173.68	7792.9
1192.66	7583.13
1211.95	7379
1231.55	7180.4
1251.47	6962.61
1271.72	6723.86
1292.28	6460.15
1313.19	6206.85
1334.43	5963.51
1356.01	5729.64
1377.94	5504.93
1400.23	5289.12
1422.88	5081.72
1445.89	4882.43
1469.28	4690.89
1493.04	4506.7
1517.19	4329.21
1541.73	4158.64
1566.67	3994.83
1592.01	3837.45
1617.76	3686.26
1643.92	3541.02
1670.51	3401.5
1697.53	3267.49
1724.99	3138.76
1752.89	3013.31
1781.24	2892.26
1810.05	2775.6
1839.32	2663.67
1869.07	2556.3
1899.3	2453.26
1930.02	2354.31
1961.24	2259.37
1992.96	2168.31
2025.2	2081.79
2057.95	1997.05
2091.24	1915.68
2125.06	1837.51
2159.43	1762.41
2194.36	1690.2
2229.85	1620.89
2265.92	1554.38
2302.57	1490.5
2339.81	1429.09
2377.66	1370.24
2416.11	1313.64
2455.19	1259.4
2494.9	1207.27
2535.26	1157.29
2576.26	1109.37
2617.93	1063.32
2660.27	1019.12
2703.3	976.793
2747.03	936.149
2791.46	897.158
2836.61	859.757
2882.49	823.886
2929.11	789.475
2976.48	756.476
3024.63	724.836
3073.55	694.494
3123.26	665.395
3173.78	637.501
3225.11	610.744
3277.27	585.103
3330.28	560.514
3384.15	536.948
3438.88	514.354
3494.5	492.697
3551.02	471.934
3608.46	452.035
3666.82	432.963
3726.13	414.679
3786.4	397.164
3847.64	380.37
3909.87	364.276
3973.11	348.86
4037.37	334.083
4102.68	319.92
4169.03	306.349
4236.46	293.343
4304.99	280.885
4374.62	268.947
4445.37	257.513
4517.27	246.554
4590.34	236.044
4664.58	225.988
4740.03	216.35
4816.69	207.111
4894.6	198.264
4973.77	189.787
5054.21	181.667
5135.96	173.889
5219.03	166.438
5303.44	159.293
5389.22	152.46
5476.39	145.906
5564.97	139.627
5654.98	133.621
5746.44	127.856
5839.38	122.346
5933.83	117.055
6029.81	111.996
6127.33	107.153
6226.44	102.505
6327.15	98.0565
6429.48	93.7967
6533.48	89.7148
6639.15	85.806
6746.53	82.0625
6855.65	78.4777
6966.54	75.0431
7079.22	71.7537
7193.72	68.6035
7310.07	65.5861
7428.31	62.6966
7548.45	59.9291
7670.54	57.279
7794.61	54.7412
7920.68	52.3104
8048.79	49.9827
8178.97	47.7532
8311.26	45.6189
8445.69	43.5744
8582.29	41.6169
8721.11	39.7423
8862.16	37.9478
9005.5	282.097
9151.16	271.181
9299.17	260.643
9449.58	250.458
9602.42	240.623
9757.73	231.129
9915.55	221.978
10075.9	213.138
10238.9	204.615
10404.5	196.398
10572.8	188.479
10743.8	180.849
10917.6	173.502
11094.2	166.426
11273.6	159.614
11455.9	153.059
11641.2	146.753
11829.5	140.687
12020.8	134.854
12215.3	129.246
12412.9	123.854
12613.6	118.674
12817.6	113.696
13025	108.915
13235.6	104.322
13449.7	99.9117
13667.2	95.6771
13888.3	91.613
14112.9	87.7119
14341.2	83.9687
14573.1	80.3766
14808.9	76.9321
15048.4	73.6274
15291.8	70.4584
15539.1	67.4195
15790.4	64.5056
16045.8	61.7131
16305.4	59.0366
16569.1	56.471
16837.1	54.0129
17109.4	51.6576
17386.1	49.4012
17667.4	47.2402
17953.1	45.1698
18243.5	43.1871
18538.6	41.289
18838.4	39.4713
19143.1	37.731
19452.7	36.0649
19767.4	34.4707
20087.1	32.9444
20412	31.4839
20742.1	30.0861
21077.6	28.7488
21418.5	27.4692
21765	26.2453
22117	25.0743
22474.7	23.9542
22838.2	22.8829
23207.6	21.8584
23583	20.8787
23964.4	19.9418
24352	19.046
24745.9	18.1895
25146.1	17.3708
25552.9	16.588
25966.2	15.8398
26386.1	15.1245
26812.9	14.441
27246.6	13.7877
27687.3	13.1634
28135.1	12.5668
28590.2	11.9967
29052.6	11.452
29522.5	10.9316
30000	10.4344
