10	4048.4
10.1617	4130.62
10.3261	4214.44
10.4931	4300.01
10.6628	4387.32
10.8353	4476.35
11.0106	4567.18
11.1886	4659.97
11.3696	4754.53
11.5535	4853.17
11.7404	4963.61
11.9303	5076.57
12.1232	5192.19
12.3193	5310.34
12.5186	5431.17
12.721	5553.56
12.9268	5667
13.1359	5782.77
13.3483	5901
13.5642	6021.59
13.7836	6144.61
14.0066	6262.38
14.2331	6378.37
14.4633	6496.46
14.6973	6616.67
14.935	6739.19
15.1765	6864.02
15.422	6976.34
15.6714	7034.67
15.9249	7093.44
16.1825	7152.71
16.4442	7212.51
16.7102	7272.77
16.9805	7333.53
17.2551	7468.02
17.5342	7610.69
17.8178	7756.13
18.106	7856.78
18.3989	7948.03
18.6964	8040.44
18.9988	8133.86
19.3061	8228.36
19.6184	8323.94
19.9357	8463.49
20.2582	8623.2
20.5858	8786.03
20.9188	9019.52
21.2571	9454.77
21.6009	9911
21.9503	10389.2
22.3053	10890.5
22.6661	11676.9
23.0327	12858.8
23.4053	14160.1
23.7838	15593.7
24.1685	17171.9
24.5594	18910.1
24.9566	20824.4
25.3603	23039.5
25.7705	27015.8
26.1873	31678.9
26.6109	37146
27.0413	43557.4
27.4786	51076.8
27.9231	59031.5
28.3747	67895.6
28.8337	78088.3
29.3	89814.8
29.7739	101103
30.2555	107057
30.7449	113360
31.2421	117858
31.7475	120675
32.2609	122691
32.7827	124251
33.313	124765
33.8518	124414
34.3993	124047
34.9557	123459
35.5211	122874
36.0956	121448
36.6794	117354
37.2727	113397
37.8755	109253
38.4882	104808
39.1107	100543
39.7433	96451.3
40.3861	92526.2
41.0393	88761.1
41.7031	85149.8
42.3776	81684.5
43.063	78360.3
43.7595	75171.5
44.4673	72112.8
45.1865	69178.2
45.9174	66363.5
46.66	63662.7
47.4147	61488.4
48.1816	59628.8
48.9609	57825.6
49.7528	56076.7
50.5576	54381.1
51.3753	52736.3
52.2062	51141.4
53.0506	49594.8
53.9087	48095
54.7806	46640.4
55.6667	45229.8
56.567	43862
57.482	42851.8
58.4117	42122.8
59.3564	41406.4
60.3165	40702
61.2921	40009.6
62.2834	39329.1
63.2908	38660.1
64.3145	38002.5
65.3547	37379
66.4118	36858.6
67.4859	36345.4
68.5775	35839.4
69.6867	35340.4
70.8138	34848.4
71.9592	34380.1
73.123	34030
74.3057	33683.5
75.5076	33340.5
76.7289	33001
77.9699	32664.9
79.231	32321.3
80.5125	31981.4
81.8147	31645
83.138	31312.1
84.4827	30982.6
85.8492	30655.7
87.2377	30331.9
88.6487	30011.5
90.0825	29694.8
91.5395	29379.7
93.0201	29060.1
94.5247	28744.2
96.0535	28431.7
97.6071	28122.4
99.1858	27816.8
100.79	27559.5
102.42	27307.7
104.077	26947.9
105.76	26569.7
107.471	26196.7
109.209	25828.8
110.975	25309.8
112.77	24651.6
114.594	24010.7
116.448	23386.7
118.331	22749.8
120.245	22038.4
122.19	21349.2
124.166	20681.6
126.175	20034.9
128.215	19408.3
130.289	18801.4
132.397	18213.6
134.538	17572.6
136.714	16791.9
138.925	16003
141.172	14544.8
143.456	12988.5
145.776	11780.4
148.134	11129.6
150.53	18251.9
152.964	72808.2
155.439	70559.9
157.953	63307.2
160.507	55161.2
163.103	47670.6
165.742	39217.1
168.422	37035
171.146	35705
173.915	34423
176.727	33186.7
179.586	31995
182.491	30846.2
185.442	29738.3
188.442	28670.5
191.49	27787.8
194.587	27066.7
197.734	26364.1
200.932	25679.9
204.182	25013.4
207.485	24364.2
210.84	23731.8
214.251	23115.9
217.716	22465.7
221.237	21821.5
224.816	21195.7
228.452	20587.8
232.147	19997.5
235.902	19424
239.717	18867
243.595	18326
247.535	17800.5
251.538	17355.8
255.607	17071.5
259.741	16791.7
263.942	16516.4
268.211	16245.8
272.549	15979.6
276.957	15717.6
281.437	15460.1
285.989	15206.8
290.615	14970.7
295.315	14768.7
300.092	14569.5
304.945	14372.9
309.878	14179
314.89	13987.7
319.983	13798.9
325.158	13612.7
330.418	13429.1
335.762	13247.9
341.192	13069.1
346.711	12892.7
352.319	12718.8
358.017	12547.1
363.808	12354.2
369.692	12152.9
375.672	11954.9
381.748	11760.1
387.922	11568.5
394.197	11380
400.573	11194.6
407.052	11012.2
413.635	10832.8
420.326	10656.3
427.124	10456.7
434.032	10226.5
441.052	10001.2
448.186	9780.98
455.435	9565.54
462.802	9354.88
470.287	9148.88
477.894	8947.4
485.623	8750.33
493.478	8557.58
501.459	8369.11
509.57	8184.78
517.812	8004.55
526.187	7828.28
534.698	7655.83
543.346	7485.79
552.134	7319.46
561.065	7156.86
570.14	6997.84
579.361	6842.35
588.732	6690.34
598.254	6529.14
607.93	6355.53
617.763	6186.47
627.755	6021.96
637.909	5861.81
648.226	5705.92
658.711	5554.17
669.365	5406.42
680.191	5262.65
691.193	5122.7
702.372	4986.45
713.733	4853.82
725.277	4724.76
737.008	4599.11
748.928	4476.77
761.042	4357.71
773.351	4241.81
785.859	4129.02
798.57	4008.4
811.486	3894.28
824.611	3783.4
837.949	3675.66
851.502	3570.38
865.274	3467.41
879.269	3366.78
893.491	3269.08
907.942	3174.21
922.628	3082.04
937.551	2991
952.715	2902.22
968.124	2815.69
983.783	2731.71
999.695	2650.05
1015.86	2570.62
1032.29	2491.7
1048.99	2414.68
1065.96	2339.48
1083.2	2266.66
1100.72	2196.11
1118.52	2127.76
1136.61	2061.51
1155	1997.34
1173.68	1935.17
1192.66	1874.92
1211.95	1816.56
1231.55	1760.04
1251.47	1705.42
1271.72	1652.51
1292.28	1601.23
1313.19	7675.87
1334.43	7380.04
1356.01	7095.58
1377.94	6822.01
1400.23	6559.03
1422.88	6306.24
1445.89	6063.1
1469.28	5829.47
1493.04	5604.92
1517.19	5389.47
1541.73	5182.38
1566.67	4983.26
1592.01	4791.74
1617.76	4607.59
1643.92	4430.49
1670.51	4260.21
1697.53	4788.82
1724.99	4615.02
1752.89	4447.47
1781.24	4286.01
1810.05	4130.48
1839.32	3980.57
1869.07	4082.01
1899.3	3927.86
1930.02	3779.53
1961.24	3636.81
1992.96	3499.44
2025.2	3368.14
2057.95	3381.35
2091.24	3259.17
2125.06	3140.84
2159.43	3026.43
2194.36	2915.71
2229.85	2808.57
2265.92	2705.05
2302.57	2604.98
2339.81	2508.33
2377.66	2414.94
2416.11	2324.75
2455.19	2237.72
2494.9	2153.64
2535.26	2072.55
2576.26	1994.33
2617.93	1918.84
2660.27	1846.02
2703.3	1775.81
2747.03	1708.15
2791.46	1642.95
2836.61	1580.12
2882.49	1519.52
2929.11	1461.21
2976.48	1404.98
3024.63	1350.86
3073.55	1298.66
3123.26	1248.46
3173.78	1200.17
3225.11	1153.65
3277.27	1108.79
3330.28	1065.71
3384.15	1024.25
3438.88	984.329
3494.5	945.928
3551.02	908.988
3608.46	873.453
3666.82	839.268
3726.13	806.397
3786.4	774.776
3847.64	744.367
3909.87	715.127
3973.11	687.022
4037.37	659.997
4102.68	634.016
4169.03	609.028
4236.46	585.019
4304.99	561.945
4374.62	539.759
4445.37	518.436
4517.27	497.951
4590.34	478.264
4664.58	459.341
4740.03	441.156
4816.69	423.685
4894.6	406.898
4973.77	390.765
5054.21	375.269
5135.96	360.381
5219.03	346.073
5303.44	332.327
5389.22	319.126
5476.39	306.445
5564.97	294.258
5654.98	282.56
5746.44	271.315
5839.38	260.517
5933.83	250.145
6029.81	240.183
6127.33	230.609
6226.44	221.416
6327.15	212.588
6429.48	204.11
6533.48	195.962
6639.15	188.141
6746.53	180.624
6855.65	173.409
6966.54	166.481
7079.22	159.823
7193.72	153.43
7310.07	147.289
7428.31	141.396
7548.45	135.729
7670.54	130.288
7794.61	349.718
7920.68	334.125
8048.79	319.224
8178.97	304.992
8311.26	291.394
8445.69	278.4
8582.29	370.598
8721.11	354.023
8862.16	338.188
9005.5	323.054
9151.16	356.285
9299.17	342.266
9449.58	328.751
9602.42	315.725
9757.73	303.174
9915.55	291.096
10075.9	279.453
10238.9	268.249
10404.5	257.464
10572.8	247.084
10743.8	237.098
10917.6	227.492
11094.2	218.254
11273.6	209.368
11455.9	200.826
11641.2	192.616
11829.5	184.725
12020.8	177.141
12215.3	169.857
12412.9	162.857
12613.6	156.135
12817.6	149.679
13025	143.48
13235.6	137.527
13449.7	131.812
13667.2	126.326
13888.3	121.062
14112.9	116.009
14341.2	111.161
14573.1	106.509
14808.9	102.047
15048.4	97.7657
15291.8	93.6595
15539.1	89.7207
15790.4	85.9434
16045.8	82.3215
16305.4	78.8492
16569.1	75.5192
16837.1	72.327
17109.4	69.2669
17386.1	66.3333
17667.4	63.5224
17953.1	60.8273
18243.5	58.2451
18538.6	55.7704
18838.4	53.3988
19143.1	51.1265
19452.7	48.9495
19767.4	46.8638
20087.1	44.8656
20412	42.9513
20742.1	41.1175
21077.6	39.361
21418.5	37.6785
21765	36.0673
22117	34.5239
22474.7	33.0459
22838.2	31.6304
23207.6	30.2748
23583	28.9769
23964.4	27.7339
24352	26.5437
24745.9	25.4042
25146.1	24.3132
25552.9	23.2685
25966.2	22.2684
26386.1	21.3107
26812.9	20.394
27246.6	19.5165
27687.3	18.6764
28135.1	17.8722
28590.2	17.1023
29052.6	16.3653
29522.5	15.6599
30000	14.9847
