10	11439
10.1617	12310.5
10.3261	13247.7
10.4931	14256.7
10.6628	15342.6
10.8353	16510.7
11.0106	17767.7
11.1886	19121.7
11.3696	21099.8
11.5535	23890.1
11.7404	27858.3
11.9303	33960
12.1232	52403
12.3193	76827.3
12.5186	93104.3
12.721	103985
12.9268	115871
13.1359	127806
13.3483	140975
13.5642	150522
13.7836	158623
14.0066	167157
14.2331	176157
14.4633	185358
14.6973	195011
14.935	205172
15.1765	214762
15.422	222730
15.6714	230996
15.9249	239565
16.1825	247135
16.4442	254577
16.7102	262240
16.9805	270132
17.2551	277206
17.5342	284464
17.8178	291912
18.106	299555
18.3989	306843
18.6964	313006
18.9988	319290
19.3061	325699
19.6184	332237
19.9357	334272
20.2582	335975
20.5858	337691
20.9188	339413
21.2571	341146
21.6009	343068
21.9503	345103
22.3053	347150
22.6661	349209
23.0327	351314
23.4053	353679
23.7838	356062
24.1685	358461
24.5594	360877
24.9566	363319
25.3603	365775
25.7705	368249
26.1873	370424
26.6109	371202
27.0413	371982
27.4786	372766
27.9231	373548
28.3747	373261
28.8337	372340
29.3	371423
29.7739	368629
30.2555	363157
30.7449	357767
31.2421	352455
31.7475	346700
32.2609	341038
32.7827	335469
33.313	330351
33.8518	325846
34.3993	321402
34.9557	317018
35.5211	312695
36.0956	308940
36.6794	305783
37.2727	302658
37.8755	299565
38.4882	296503
39.1107	292860
39.7433	288789
40.3861	284775
41.0393	280817
41.7031	276914
42.3776	273065
43.063	269270
43.7595	265627
44.4673	262072
45.1865	258565
45.9174	255105
46.66	251692
47.4147	248323
48.1816	245000
48.9609	241722
49.7528	238487
50.5576	235296
51.3753	232147
52.2062	229040
53.0506	225976
53.9087	222951
54.7806	219968
55.6667	217986
56.567	215678
57.482	212077
58.4117	208538
59.3564	204869
60.3165	200948
61.2921	196953
62.2834	192692
63.2908	188523
64.3145	184446
65.3547	180456
66.4118	176550
67.4859	172732
68.5775	168998
69.6867	165138
70.8138	161239
71.9592	157172
73.123	153157
74.3057	149244
75.5076	145428
76.7289	141710
77.9699	138086
79.231	134429
80.5125	130866
81.8147	127235
83.138	123610
84.4827	120094
85.8492	116678
87.2377	113360
88.6487	110097
90.0825	106882
91.5395	103705
93.0201	100529
94.5247	97449.1
96.0535	94462.9
97.6071	91567.9
99.1858	88761.5
100.79	85931.3
102.42	83084.9
104.077	80346.1
105.76	77696.9
107.471	75135.9
109.209	72659
110.975	70263.3
112.77	67946.7
114.594	65706.9
116.448	63541.1
118.331	61446
120.245	59420.7
122.19	57461.7
124.166	55567
126.175	53735.3
128.215	51963.6
130.289	50236.5
132.397	48479.8
134.538	46784.4
136.714	45148.4
138.925	43569.4
141.172	42045.8
143.456	40575.7
145.776	39156.7
148.134	37787.7
150.53	36466.8
152.964	35191.6
155.439	33961
157.953	32772.9
160.507	31610.1
163.103	30480.9
165.742	29382.6
168.422	28324.3
171.146	27304.1
173.915	26320.6
176.727	25371.9
179.586	24457.7
182.491	23576.6
185.442	22727.4
188.442	21906.5
191.49	21110.2
194.587	20333.1
197.734	19584.3
200.932	18862.8
204.182	18167.9
207.485	17497.7
210.84	16850.9
214.251	16220
217.716	15612.3
221.237	15027.5
224.816	14464.9
228.452	13923.2
232.147	13401.8
235.902	12899.9
239.717	12414.2
243.595	11943.7
247.535	11489.2
251.538	11051.6
255.607	10630.5
259.741	10225.9
263.942	9836.59
268.211	9462.02
272.549	9099.63
276.957	8750.54
281.437	8414.62
285.989	8091.64
290.615	7781.02
295.315	7482.27
300.092	7191.77
304.945	6901.54
309.878	6623.07
314.89	6355.8
319.983	6099.32
325.158	5853.18
330.418	5617
335.762	5390.33
341.192	5172.8
346.711	4964.08
352.319	4763.76
358.017	4571.52
363.808	4387.05
369.692	4210.01
375.672	4040.13
381.748	3877.09
387.922	3720.63
394.197	3557.71
400.573	3396.68
407.052	3242.92
413.635	3096.11
420.326	2955.97
427.124	2822.16
434.032	2694.41
441.052	2572.44
448.186	2456
455.435	2345
462.802	2241.13
470.287	2141.85
477.894	2046.98
485.623	1956.3
493.478	1869.64
501.459	1786.82
509.57	1707.68
517.812	1632.03
526.187	1559.73
534.698	1490.65
543.346	1424.61
552.134	1361.51
561.065	1299.81
570.14	1240.54
579.361	1183.98
588.732	1130.01
598.254	1078.49
607.93	1029.32
617.763	982.388
627.755	932.916
637.909	884.794
648.226	839.151
658.711	795.867
669.365	754.813
680.191	715.875
691.193	678.946
702.372	13284.2
713.733	12788.4
725.277	12311.1
737.008	11851.7
748.928	11409.4
761.042	10983.6
773.351	10573.7
785.859	10179.1
798.57	9799.18
811.486	9433.48
824.611	9081.43
837.949	8742.51
851.502	8416.26
865.274	8102.14
879.269	7799.78
893.491	7508.69
907.942	7222.25
922.628	6938.36
937.551	6665.61
952.715	6403.62
968.124	6151.88
983.783	5910.33
999.695	5676.48
1015.86	5449.72
1032.29	5231.41
1048.99	5021.83
1065.96	4820.6
1083.2	4627.5
1100.72	4441.94
1118.52	4263.52
1136.61	4092.22
1155	3927.81
1173.68	3769.95
1192.66	3618.13
1211.95	3471.56
1231.55	3329.72
1251.47	3193.76
1271.72	3063.37
1292.28	2938.24
1313.19	2816.56
1334.43	2699.65
1356.01	2587.33
1377.94	2479.68
1400.23	2376.32
1422.88	2276.97
1445.89	2181.65
1469.28	2090.33
1493.04	2002.84
1517.19	1917.64
1541.73	1835.8
1566.67	1757.35
1592.01	1682.19
1617.76	1610.25
1643.92	1541.45
1670.51	1475.57
1697.53	1412.47
1724.99	1352.05
1752.89	1293.81
1781.24	1237.94
1810.05	1184.39
1839.32	1133.16
1869.07	1084.15
1899.3	1037.23
1930.02	992.343
1961.24	949.406
1992.96	908.323
2025.2	869.352
2057.95	831.527
2091.24	795.308
2125.06	760.615
2159.43	727.403
2194.36	695.609
2229.85	665.163
2265.92	636.028
2302.57	608.128
2339.81	581.427
2377.66	555.866
2416.11	531.401
2455.19	507.99
2494.9	485.575
2535.26	464.134
2576.26	443.612
2617.93	423.978
2660.27	405.181
2703.3	387.203
2747.03	370.002
2791.46	353.542
2836.61	337.789
2882.49	322.725
2929.11	308.314
2976.48	294.524
3024.63	281.33
3073.55	268.72
3123.26	256.649
3173.78	245.101
3225.11	234.061
3277.27	223.502
3330.28	213.396
3384.15	203.743
3438.88	194.507
3494.5	185.671
3551.02	177.22
3608.46	169.141
3666.82	161.419
3726.13	154.036
3786.4	146.967
3847.64	140.217
3909.87	133.758
3973.11	127.586
4037.37	121.691
4102.68	116.057
4169.03	110.676
4236.46	105.538
4304.99	100.642
4374.62	95.9581
4445.37	91.4904
4517.27	87.2252
4590.34	83.1555
4664.58	79.271
4740.03	75.5642
4816.69	72.0263
4894.6	68.6518
4973.77	65.4302
5054.21	62.3579
5135.96	59.4261
5219.03	56.63
5303.44	53.9616
5389.22	51.4169
5476.39	48.9901
5564.97	46.6753
5654.98	44.4676
5746.44	42.3614
5839.38	40.3544
5933.83	38.4396
6029.81	36.6142
6127.33	34.8733
6226.44	33.2134
6327.15	31.6312
6429.48	30.1229
6533.48	28.6857
6639.15	27.3152
6746.53	26.0089
6855.65	24.7639
6966.54	23.5768
7079.22	22.4465
7193.72	21.3685
7310.07	20.3419
7428.31	19.3632
7548.45	18.431
7670.54	17.5427
7794.61	16.6964
7920.68	15.89
8048.79	15.1217
8178.97	14.3899
8311.26	13.6934
8445.69	13.0293
8582.29	12.3969
8721.11	11.7948
8862.16	11.2212
9005.5	10.6756
9151.16	10.155
9299.17	9.65994
9449.58	9.18846
9602.42	8.73953
9757.73	8.31215
9915.55	7.90536
10075.9	7.51799
10238.9	7.14932
10404.5	6.79838
10572.8	6.46435
10743.8	6.14641
10917.6	5.84386
11094.2	5.55593
11273.6	5.28186
11455.9	5.02108
11641.2	4.773
11829.5	4.53694
12020.8	4.31233
12215.3	4.09871
12412.9	3.89541
12613.6	3.70207
12817.6	3.51813
13025	3.34325
13235.6	3.17683
13449.7	3.01861
13667.2	2.8681
13888.3	2.72503
14112.9	2.58894
14341.2	2.45957
14573.1	2.33654
14808.9	2.21962
15048.4	2.10843
15291.8	2.00274
15539.1	1.90227
15790.4	1.80677
16045.8	1.71601
16305.4	1.62978
16569.1	1.54781
16837.1	1.46991
17109.4	1.39589
17386.1	1.32557
17667.4	1.25876
17953.1	1.19528
18243.5	1.13498
18538.6	1.0777
18838.4	1.02329
19143.1	0.971612
19452.7	0.922532
19767.4	0.875931
20087.1	0.831656
20412	0.789641
20742.1	0.749756
21077.6	0.711897
21418.5	0.675958
21765	0.641845
22117	0.609455
22474.7	0.578706
22838.2	0.549512
23207.6	0.521798
23583	0.495487
23964.4	0.470503
24352	0.446783
24745.9	0.424263
25146.1	0.402881
25552.9	0.382576
25966.2	0.363296
26386.1	0.344988
26812.9	0.327605
27246.6	0.311098
27687.3	0.295425
28135.1	0.280539
28590.2	0.266405
29052.6	0.252983
29522.5	0.240235
30000	0.22813
