10	174539
10.1617	174250
10.3261	173961
10.4931	173673
10.6628	173386
10.8353	172123
11.0106	168821
11.1886	165581
11.3696	162404
11.5535	159288
11.7404	156318
11.9303	153407
12.1232	150550
12.3193	147746
12.5186	144994
12.721	141868
12.9268	135245
13.1359	128931
13.3483	122911
13.5642	117173
13.7836	111702
14.0066	106488
14.2331	101516
14.4633	96776.5
14.6973	92259.2
14.935	87951.7
15.1765	83508.5
15.422	79173.2
15.6714	75061.5
15.9249	71164.4
16.1825	67469.7
16.4442	63965.9
16.7102	60644.9
16.9805	57496.3
17.2551	54510.6
17.5342	51680.3
17.8178	48996.9
18.106	46452.9
18.3989	44041
18.6964	41659.9
18.9988	39221.6
19.3061	36926
19.6184	34764.6
19.9357	32729.8
20.2582	30814.3
20.5858	29010.6
20.9188	27224.8
21.2571	25164.4
21.6009	23260
21.9503	21499.8
22.3053	19872.7
22.6661	18368.9
23.0327	16978.8
23.4053	15694.1
23.7838	14414.6
24.1685	13150.1
24.5594	11996.5
24.9566	11005.7
25.3603	10535
25.7705	10084.5
26.1873	9838.5
26.6109	9805.48
27.0413	9772.57
27.4786	9739.84
27.9231	10038.2
28.3747	11006.3
28.8337	14042
29.3	17916.2
29.7739	22858.6
30.2555	29164.1
30.7449	37208.4
31.2421	41205.1
31.7475	43519.6
32.2609	44996.4
32.7827	44479.7
33.313	42658.2
33.8518	40929.8
34.3993	39389.4
34.9557	37907.2
35.5211	36496.6
36.0956	35267.2
36.6794	34079.3
37.2727	32931.3
37.8755	32075.4
38.4882	31728.2
39.1107	31384.9
39.7433	31045.2
40.3861	30753.9
41.0393	30692.5
41.7031	30631.3
42.3776	30570.1
43.063	30863.4
43.7595	31447.4
44.4673	32042.3
45.1865	32648.6
45.9174	33266.3
46.66	34247.2
47.4147	35344
48.1816	36476.1
48.9609	37298
49.7528	37866.6
50.5576	38444
51.3753	39030.1
52.2062	39616.6
53.0506	40196.6
53.9087	40784.9
54.7806	41382
55.6667	41987.6
56.567	42717.8
57.482	43460.9
58.4117	44217.2
59.3564	44986.5
60.3165	45769.1
61.2921	46574.2
62.2834	47403.3
63.2908	48246.9
64.3145	49105.6
65.3547	49979.6
66.4118	50869.1
67.4859	51774.6
68.5775	52759.4
69.6867	53082.3
70.8138	53274.4
71.9592	53467.2
73.123	53660.6
74.3057	53854.7
75.5076	54049.5
76.7289	54245
77.9699	54441.2
79.231	54638.2
80.5125	54835.8
81.8147	55034.2
83.138	55233.3
84.4827	55379.8
85.8492	55520.8
87.2377	55662.2
88.6487	55803.9
90.0825	55946.1
91.5395	56088.6
93.0201	56231.4
94.5247	56374.6
96.0535	56518.2
97.6071	56662.1
99.1858	56780.7
100.79	56837.9
102.42	56895.2
104.077	56952.1
105.76	57009.6
107.471	57066.7
109.209	57124.3
110.975	57182.3
112.77	57239.8
114.594	57297.1
116.448	57354.8
118.331	57412.8
120.245	57470.5
122.19	57528
124.166	57586
126.175	57613.9
128.215	57450.6
130.289	57287.8
132.397	57125.1
134.538	56962.9
136.714	56801.4
138.925	56640.7
141.172	56480.2
143.456	56319.4
145.776	56160.1
148.134	56000.9
150.53	55842.1
152.964	55521.3
155.439	54955.1
157.953	54394.8
160.507	53840.7
163.103	53291.8
165.742	52748.4
168.422	52210.6
171.146	51678.3
173.915	51151.5
176.727	50629.9
179.586	50113.8
182.491	49602.9
185.442	49097.2
188.442	48596.7
191.49	48101.4
194.587	47610.9
197.734	46974.4
200.932	46080.2
204.182	45203.2
207.485	44342.9
210.84	43498.9
214.251	42671
217.716	41858.7
221.237	41062.3
224.816	40280.6
228.452	39514.1
232.147	38761.9
235.902	38024.1
239.717	37300.4
243.595	36590.6
247.535	35894.2
251.538	35210.9
255.607	34540.7
259.741	33883.4
263.942	33238.5
268.211	32605.9
272.549	31823.5
276.957	30937.6
281.437	30076.2
285.989	29239
290.615	28425.1
295.315	27633.7
300.092	26864.5
304.945	26116.4
309.878	25389.6
314.89	24682.7
319.983	23995.5
325.158	23327.5
330.418	22678.1
335.762	22046.9
341.192	21433
346.711	20836.3
352.319	20256.3
358.017	19692.3
363.808	19144.1
369.692	18598.2
375.672	18046.2
381.748	17510.8
387.922	16991.1
394.197	16486.9
400.573	15997.7
407.052	15522.9
413.635	15062.3
420.326	14615.4
427.124	14181.7
434.032	13760.9
441.052	13304.1
448.186	12838.8
455.435	12389.7
462.802	11956.3
470.287	11538.1
477.894	11134.5
485.623	10745
493.478	10369.1
501.459	10006.4
509.57	9656.36
517.812	9318.58
526.187	8992.61
534.698	8678.06
543.346	8374.48
552.134	8081.54
561.065	7798.85
570.14	7526.02
579.361	7250.64
588.732	6976.49
598.254	6712.68
607.93	6458.85
617.763	6214.63
627.755	5979.65
637.909	5753.54
648.226	5535.98
658.711	5326.66
669.365	5125.24
680.191	4931.44
691.193	4744.97
702.372	4565.55
713.733	4392.92
725.277	4226.81
737.008	4060.32
748.928	3899.96
761.042	3745.95
773.351	3598
785.859	3455.91
798.57	3319.42
811.486	3188.32
824.611	3062.41
837.949	2941.46
851.502	2825.29
865.274	2713.71
879.269	2604.52
893.491	2495.28
907.942	2390.63
922.628	2290.35
937.551	2194.29
952.715	2104.87
968.124	2026.89
983.783	1951.82
999.695	1879.68
1015.86	1810.36
1032.29	1744.83
1048.99	1681.4
1065.96	1619.97
1083.2	1560.78
1100.72	1503.76
1118.52	1448.83
1136.61	1395.86
1155	1344.84
1173.68	1295.68
1192.66	1248.31
1211.95	1202.68
1231.55	7833.82
1251.47	7625.45
1271.72	7423.32
1292.28	7227.36
1313.19	7036.59
1334.43	6850.9
1356.01	6670.09
1377.94	6493.97
1400.23	6322.54
1422.88	6155.77
1445.89	5993.25
1469.28	5828.25
1493.04	5657.61
1517.19	5450.57
1541.73	5245.52
1566.67	5048.19
1592.01	4858.31
1617.76	4675.6
1643.92	4499.66
1670.51	4330.43
1697.53	4167.55
1724.99	4010.83
1752.89	3855.97
1781.24	3705.77
1810.05	3560.47
1839.32	3420.83
1869.07	3286.67
1899.3	3157.77
1930.02	3034
1961.24	2915.06
1992.96	2800.71
2025.2	2692.42
2057.95	2585.21
2091.24	2481.94
2125.06	2382.54
2159.43	2286.92
2194.36	2194.96
2229.85	2106.35
2265.92	2021.21
2302.57	1939.34
2339.81	1860.6
2377.66	1784.9
2416.11	1712.16
2455.19	1642.17
2494.9	1574.96
2535.26	1510.42
2576.26	1448.4
2617.93	1388.84
2660.27	1331.64
2703.3	1276.64
2747.03	1223.9
2791.46	1173.21
2836.61	1124.6
2882.49	1077.96
2929.11	1033.17
2976.48	990.152
3024.63	948.883
3073.55	909.306
3123.26	871.325
3173.78	834.891
3225.11	799.939
3277.27	766.418
3330.28	734.268
3384.15	703.439
3438.88	673.869
3494.5	645.518
3551.02	618.339
3608.46	592.28
3666.82	567.292
3726.13	543.342
3786.4	520.387
3847.64	498.385
3909.87	477.291
3973.11	457.073
4037.37	437.708
4102.68	419.141
4169.03	401.351
4236.46	384.307
4304.99	367.966
4374.62	352.321
4445.37	337.33
4517.27	322.965
4590.34	309.195
4664.58	296.015
4740.03	283.383
4816.69	271.292
4894.6	259.706
4973.77	248.604
5054.21	237.97
5135.96	227.791
5219.03	218.038
5303.44	208.692
5389.22	199.752
5476.39	191.189
5564.97	182.98
5654.98	175.123
5746.44	167.602
5839.38	160.395
5933.83	153.499
6029.81	146.892
6127.33	140.568
6226.44	134.509
6327.15	128.712
6429.48	123.162
6533.48	117.838
6639.15	112.747
6746.53	107.879
6855.65	103.214
6966.54	98.7429
7079.22	94.4657
7193.72	90.3706
7310.07	86.4492
7428.31	82.6962
7548.45	79.1028
7670.54	75.6633
7794.61	72.3702
7920.68	69.2174
8048.79	66.199
8178.97	63.31
8311.26	60.5442
8445.69	57.897
8582.29	55.3619
8721.11	52.9357
8862.16	50.6133
9005.5	48.3897
9151.16	46.2618
9299.17	44.2246
9449.58	42.2747
9602.42	40.4081
9757.73	38.622
9915.55	36.9117
10075.9	35.2746
10238.9	33.708
10404.5	32.2083
10572.8	30.773
10743.8	29.3991
10917.6	28.0843
11094.2	26.8258
11273.6	195.762
11455.9	188.022
11641.2	180.556
11829.5	173.357
12020.8	166.415
12215.3	159.727
12412.9	153.28
12613.6	147.073
12817.6	141.094
13025	135.34
13235.6	129.8
13449.7	124.471
13667.2	119.343
13888.3	114.413
14112.9	109.672
14341.2	105.115
14573.1	100.734
14808.9	96.5255
15048.4	92.4811
15291.8	88.5967
15539.1	84.8661
15790.4	81.2837
16045.8	77.8447
16305.4	74.5444
16569.1	71.3764
16837.1	68.3363
17109.4	65.4197
17386.1	62.6217
17667.4	59.9389
17953.1	57.3651
18243.5	54.8978
18538.6	52.5321
18838.4	50.2641
19143.1	48.0903
19452.7	46.0068
19767.4	44.0107
20087.1	42.0978
20412	40.2652
20742.1	38.5096
21077.6	36.828
21418.5	35.2175
21765	33.6754
22117	32.1984
22474.7	30.7844
22838.2	29.4306
23207.6	28.1349
23583	26.8945
23964.4	25.7072
24352	24.571
24745.9	23.4838
25146.1	22.4435
25552.9	21.448
25966.2	20.4956
26386.1	19.5844
26812.9	18.7128
27246.6	17.8792
27687.3	17.0819
28135.1	16.3193
28590.2	15.5901
29052.6	14.8927
29522.5	14.2259
30000	13.5884
