10	4276.59
10.1617	4309.43
10.3261	4342.48
10.4931	4375.83
10.6628	4409.44
10.8353	4443.26
11.0106	4487.3
11.1886	4580.14
11.3696	4674.84
11.5535	4771.5
11.7404	4863.94
11.9303	4947.71
12.1232	5032.99
12.3193	5119.67
12.5186	5214.35
12.721	5315.47
12.9268	5418.42
13.1359	5520.03
13.3483	5611.34
13.5642	5704.09
13.7836	5798.37
14.0066	5894.16
14.2331	5975.79
14.4633	6055.72
14.6973	6136.68
14.935	6224.12
15.1765	6319.82
15.422	6416.9
15.6714	6512.5
15.9249	6545.85
16.1825	6579.38
16.4442	6613.12
16.7102	6679.37
16.9805	6839.07
17.2551	7002.67
17.5342	7084.08
17.8178	7145.16
18.106	7206.73
18.3989	7269.26
18.6964	7346.82
18.9988	7425.15
19.3061	7504.3
19.6184	7595.33
19.9357	7687.62
20.2582	7781
20.5858	7918.45
20.9188	8070.64
21.2571	8225.85
21.6009	8424.04
21.9503	8694.53
22.3053	9044.08
22.6661	9926.25
23.0327	10751.9
23.4053	11567.3
23.7838	14023.2
24.1685	15301.6
24.5594	16755.9
24.9566	19098.9
25.3603	22938.1
25.7705	25396.2
26.1873	28965.8
26.6109	33271.9
27.0413	37811.8
27.4786	42521.7
27.9231	46922.6
28.3747	50838.2
28.8337	54801.7
29.3	59079.8
29.7739	63909.2
30.2555	69132.8
30.7449	74783.2
31.2421	79316.2
31.7475	83913.8
32.2609	87307.4
32.7827	89121
33.313	90972.3
33.8518	91792.9
34.3993	92413.8
34.9557	92681.4
35.5211	92338.1
36.0956	91995.8
36.6794	90297.1
37.2727	88520.4
37.8755	86778.6
38.4882	85070.6
39.1107	83396.3
39.7433	81463.4
40.3861	79245.2
41.0393	77086.8
41.7031	74986.9
42.3776	72945
43.063	70958
43.7595	69001.9
44.4673	67087.2
45.1865	65226.1
45.9174	63416.7
46.66	61657.6
47.4147	59947.1
48.1816	58283.9
48.9609	56666.8
49.7528	55094.6
50.5576	53566.3
51.3753	52155.5
52.2062	50787.7
53.0506	49455.6
53.9087	48158.8
54.7806	46895.8
55.6667	45665.9
56.567	44468.4
57.482	43302.2
58.4117	42190.1
59.3564	41294.3
60.3165	40417.6
61.2921	39559.6
62.2834	38719.7
63.2908	37897.7
64.3145	37093.1
65.3547	36305.6
66.4118	35534.8
67.4859	34840.2
68.5775	34301.6
69.6867	33771.3
70.8138	33249.1
71.9592	32735.1
73.123	32229
74.3057	31730.7
75.5076	31240.1
76.7289	30757.1
77.9699	30281.6
79.231	29813.4
80.5125	29386.7
81.8147	29092
83.138	28800.3
84.4827	28511.5
85.8492	28225.6
87.2377	27942.5
88.6487	27662.3
90.0825	27385
91.5395	27110.4
93.0201	26838.5
94.5247	26569.4
96.0535	26303
97.6071	26039.2
99.1858	25778
100.79	25519.6
102.42	25183.6
104.077	24840.4
105.76	24501.9
107.471	24168
109.209	23838.4
110.975	23513.5
112.77	23193.1
114.594	22862.9
116.448	22497.9
118.331	22138.7
120.245	21785.3
122.19	21437.5
124.166	21061
126.175	20350.2
128.215	19663.3
130.289	18999.7
132.397	18358.5
134.538	17673.1
136.714	17007.3
138.925	16366.5
141.172	15749.9
143.456	14658.5
145.776	13484.1
148.134	12580.2
150.53	11737
152.964	10541.7
155.439	18712.2
157.953	79819.5
160.507	65206.1
163.103	51635
165.742	40921
168.422	38167.8
171.146	35601.5
173.915	33208.4
176.727	31103.6
179.586	30138
182.491	29202.3
185.442	28295.6
188.442	27417.2
191.49	26565.8
194.587	25741.2
197.734	24941.9
200.932	24319.3
204.182	23847.5
207.485	23384.9
210.84	22931.1
214.251	22486.4
217.716	22050.1
221.237	21622.3
224.816	21202.8
228.452	20791.5
232.147	20386.7
235.902	19901.3
239.717	19427.4
243.595	18964.9
247.535	18513.3
251.538	18072.4
255.607	17642.2
259.741	17222.1
263.942	16843.1
268.211	16536.8
272.549	16236
276.957	15940.6
281.437	15650.7
285.989	15366
290.615	15086.5
295.315	14812
300.092	14589
304.945	14370.1
309.878	14154.4
314.89	13942.1
319.983	13732.9
325.158	13526.8
330.418	13323.9
335.762	13124
341.192	12940.1
346.711	12764.1
352.319	12590.5
358.017	12419.2
363.808	12250.3
369.692	12083.6
375.672	11919.3
381.748	11757.2
387.922	11597.3
394.197	11438.6
400.573	11257.9
407.052	11080
413.635	10905
420.326	10732.7
427.124	10563.1
434.032	10396.2
441.052	10232
448.186	10070.3
455.435	9911.21
462.802	9727.05
470.287	9542.77
477.894	9361.94
485.623	9184.56
493.478	9010.56
501.459	8839.81
509.57	8672.38
517.812	8508.08
526.187	8346.86
534.698	8188.72
543.346	8033.59
552.134	7831.69
561.065	7628.15
570.14	7429.85
579.361	7236.73
588.732	7048.61
598.254	6865.41
607.93	6686.97
617.763	6513.14
627.755	6343.84
637.909	6180.63
648.226	6017.51
658.711	5855.39
669.365	5697.69
680.191	5552.5
691.193	5417.18
702.372	5285.51
713.733	5146.16
725.277	5003.11
737.008	4864.07
748.928	4728.91
761.042	4597.42
773.351	4469.08
785.859	4342.73
798.57	4218.72
811.486	4098.28
824.611	3981.22
837.949	3867.47
851.502	3756.65
865.274	3648.56
879.269	3543.25
893.491	3440.94
907.942	3341.57
922.628	3245.14
937.551	3149.21
952.715	3055.57
968.124	2964.21
983.783	2875.54
999.695	2789.27
1015.86	2705.31
1032.29	2621.27
1048.99	2539.35
1065.96	2459.52
1083.2	2382.1
1100.72	2307.17
1118.52	2234.62
1136.61	2164.3
1155	2096.21
1173.68	2030.27
1192.66	1966.36
1211.95	1904.49
1231.55	1844.62
1251.47	1786.69
1271.72	1730.68
1292.28	1676.52
1313.19	1624.13
1334.43	1573.38
1356.01	7936.95
1377.94	7632.01
1400.23	7338.8
1422.88	7056.87
1445.89	6785.69
1469.28	6525.08
1493.04	6274.58
1517.19	6033.97
1541.73	5802.61
1566.67	5580.11
1592.01	5366.19
1617.76	5160.47
1643.92	4962.53
1670.51	4772.24
1697.53	4589.3
1724.99	4413.46
1752.89	4932.38
1781.24	4746.8
1810.05	4568.19
1839.32	4396.38
1869.07	4231.06
1899.3	4071.96
1930.02	4188.69
1961.24	4029.1
1992.96	3875.57
2025.2	3728.7
2057.95	3586.67
2091.24	3449.98
2125.06	3318.55
2159.43	3331.43
2194.36	3210.98
2229.85	3094.4
2265.92	2981.64
2302.57	2872.65
2339.81	2767.13
2377.66	2665.13
2416.11	2566.61
2455.19	2471.36
2494.9	2379.41
2535.26	2290.59
2576.26	2204.85
2617.93	2122.04
2660.27	2042.22
2703.3	1965.05
2747.03	1890.71
2791.46	1818.99
2836.61	1749.98
2882.49	1683.11
2929.11	1618.89
2976.48	1556.99
3024.63	1497.28
3073.55	1439.8
3123.26	1384.38
3173.78	1331.07
3225.11	1279.63
3277.27	1230.11
3330.28	1182.53
3384.15	1136.65
3438.88	1092.5
3494.5	1050.04
3551.02	1009.2
3608.46	969.81
3666.82	931.926
3726.13	895.491
3786.4	860.445
3847.64	826.73
3909.87	794.308
3973.11	763.127
4037.37	733.137
4102.68	704.298
4169.03	676.569
4236.46	649.907
4304.99	624.272
4374.62	599.63
4445.37	575.937
4517.27	553.165
4590.34	531.285
4664.58	510.235
4740.03	490.015
4816.69	470.591
4894.6	451.914
4973.77	433.959
5054.21	416.715
5135.96	400.139
5219.03	384.223
5303.44	368.922
5389.22	354.215
5476.39	340.093
5564.97	326.531
5654.98	313.5
5746.44	300.973
5839.38	288.935
5933.83	277.376
6029.81	266.287
6127.33	255.618
6226.44	245.372
6327.15	235.535
6429.48	226.079
6533.48	217.004
6639.15	208.286
6746.53	199.909
6855.65	191.867
6966.54	184.152
7079.22	176.723
7193.72	169.604
7310.07	162.759
7428.31	156.178
7548.45	149.873
7670.54	143.813
7794.61	137.983
7920.68	132.39
8048.79	127.033
8178.97	340.426
8311.26	325.08
8445.69	310.411
8582.29	296.414
8721.11	283.042
8862.16	270.276
9005.5	360.094
9151.16	343.679
9299.17	328.006
9449.58	359.172
9602.42	345.34
9757.73	332.005
9915.55	319.143
10075.9	306.706
10238.9	294.709
10404.5	283.133
10572.8	271.969
10743.8	261.207
10917.6	250.834
11094.2	240.838
11273.6	231.207
11455.9	221.933
11641.2	213.004
11829.5	204.41
12020.8	196.137
12215.3	188.18
12412.9	180.523
12613.6	173.16
12817.6	166.079
13025	159.273
13235.6	152.729
13449.7	146.44
13667.2	140.397
13888.3	134.592
14112.9	129.015
14341.2	123.66
14573.1	118.516
14808.9	113.579
15048.4	108.837
15291.8	104.287
15539.1	99.919
15790.4	95.7273
16045.8	91.7057
16305.4	87.848
16569.1	84.1464
16837.1	80.5962
17109.4	77.1911
17386.1	73.9254
17667.4	70.795
17953.1	67.7927
18243.5	64.9146
18538.6	62.1559
18838.4	59.5111
19143.1	56.9764
19452.7	54.5473
19767.4	52.2198
20087.1	49.9892
20412	47.852
20742.1	45.8045
21077.6	43.8429
21418.5	41.9639
21765	40.1644
22117	38.4404
22474.7	36.7893
22838.2	35.208
23207.6	33.694
23583	32.2441
23964.4	30.8557
24352	29.5264
24745.9	28.2537
25146.1	27.0354
25552.9	25.8688
25966.2	24.7522
26386.1	23.6832
26812.9	22.6601
27246.6	21.6809
27687.3	20.7436
28135.1	19.8465
28590.2	18.9879
29052.6	18.1662
29522.5	17.3799
30000	16.6274
