10	1.00001e-10
10.1617	1.00001e-10
10.3261	1.00001e-10
10.4931	1.00001e-10
10.6628	1.00001e-10
10.8353	1.00001e-10
11.0106	1e-10
11.1886	1.00001e-10
11.3696	1.00001e-10
11.5535	1.00001e-10
11.7404	1e-10
11.9303	1e-10
12.1232	1.00001e-10
12.3193	1.00001e-10
12.5186	1e-10
12.721	1.00001e-10
12.9268	1.00001e-10
13.1359	1.00001e-10
13.3483	1.00001e-10
13.5642	1.00001e-10
13.7836	1.00001e-10
14.0066	7437.59
14.2331	228244
14.4633	241004
14.6973	254472
14.935	265402
15.1765	276254
15.422	286472
15.6714	291703
15.9249	297027
16.1825	302449
16.4442	306130
16.7102	306539
16.9805	306950
17.2551	307361
17.5342	304144
17.8178	299644
18.106	295210
18.3989	290991
18.6964	287566
18.9988	284183
19.3061	280841
19.6184	277443
19.9357	273765
20.2582	270134
20.5858	266549
20.9188	262832
21.2571	258580
21.6009	254399
21.9503	250284
22.3053	246237
22.6661	241580
23.0327	235772
23.4053	230106
23.7838	224575
24.1685	219023
24.5594	210638
24.9566	202575
25.3603	194819
25.7705	187361
26.1873	180188
26.6109	173291
27.0413	166657
27.4786	160174
27.9231	153558
28.3747	147214
28.8337	141134
29.3	133363
29.7739	125100
30.2555	117348
30.7449	110078
31.2421	103256
31.7475	96858.7
32.2609	90856.2
32.7827	85226.6
33.313	79946.3
33.8518	74992.4
34.3993	70242.4
34.9557	65126.7
35.5211	60383.4
36.0956	55985.4
36.6794	51907.6
37.2727	48127.2
37.8755	44621.9
38.4882	41372.3
39.1107	38358.9
39.7433	35564.9
40.3861	32974.8
41.0393	30573.1
41.7031	28346.5
42.3776	26179.9
43.063	24176.4
43.7595	22326.3
44.4673	20617.7
45.1865	19039.9
45.9174	17582.9
46.66	16237.2
47.4147	14994.8
48.1816	13847.3
48.9609	12787.6
49.7528	11809
50.5576	10961.6
51.3753	10190.9
52.2062	9474.44
53.0506	8808.35
53.9087	8189.1
54.7806	7613.37
55.6667	7078.13
56.567	6608.82
57.482	6266.77
58.4117	5942.41
59.3564	5634.83
60.3165	5343.19
61.2921	5132.85
62.2834	4978.49
63.2908	4828.77
64.3145	4683.55
65.3547	4544.89
66.4118	4434.49
67.4859	4326.77
68.5775	4221.67
69.6867	4156.22
70.8138	4096.4
71.9592	4037.44
73.123	3992.24
74.3057	3953.36
75.5076	3914.85
76.7289	3876.73
77.9699	3858.32
79.231	3856.64
80.5125	3854.96
81.8147	3873.47
83.138	3911.79
84.4827	3950.49
85.8492	3989.58
87.2377	4034.3
88.6487	4114
90.0825	5137.03
91.5395	32729.6
93.0201	56781.2
94.5247	35673.6
96.0535	29336.5
97.6071	24124.9
99.1858	19839.2
100.79	14492.3
102.42	12893.2
104.077	11470.9
105.76	10205.2
107.471	10700.7
109.209	11527.8
110.975	12418.9
112.77	13378.7
114.594	14412.6
116.448	15526
118.331	16726.3
120.245	17913.9
122.19	19125.3
124.166	20419
126.175	21799.3
128.215	22917.9
130.289	23963.6
132.397	25056.7
134.538	26200.4
136.714	27396
138.925	28456.6
141.172	29155
143.456	29870.2
145.776	30603.4
148.134	31354.4
150.53	32123.9
152.964	32912.8
155.439	33420.6
157.953	33871.7
160.507	34329.2
163.103	34792.6
165.742	35261.9
168.422	35738.1
171.146	35965.3
173.915	36108.4
176.727	36252.7
179.586	36396.9
182.491	36542
185.442	36687.5
188.442	36833.6
191.49	36937.4
194.587	37001.1
197.734	37065.1
200.932	37129.5
204.182	37193.6
207.485	37257.8
210.84	37207
214.251	37090.4
217.716	36974.3
221.237	36858.4
224.816	36742.9
228.452	36627.8
232.147	36513.1
235.902	36320.4
239.717	36034.1
243.595	35749.9
247.535	35468.3
251.538	35188.7
255.607	34911.2
259.741	34466.8
263.942	33797.5
268.211	33141.3
272.549	32497.9
276.957	31866.8
281.437	31248
285.989	30641.3
290.615	30046.5
295.315	29463
300.092	28890.9
304.945	28330
309.878	27779.9
314.89	27240.4
319.983	26711.6
325.158	26192.9
330.418	25684.3
335.762	25185.6
341.192	24696.6
346.711	24217
352.319	23746.8
358.017	23285.8
363.808	22833.6
369.692	22390.3
375.672	21955.4
381.748	21529.2
387.922	21111.1
394.197	20701.3
400.573	20193.9
407.052	19607.1
413.635	19037.3
420.326	18484.2
427.124	17946.9
434.032	17425.5
441.052	16919.1
448.186	16427.4
455.435	15950
462.802	15486.6
470.287	15036.6
477.894	14599.6
485.623	14175.3
493.478	13763.5
501.459	13363.4
509.57	12975.1
517.812	12598.2
526.187	12232
534.698	11857.1
543.346	11460.5
552.134	11077.1
561.065	10706.6
570.14	10348.4
579.361	10002.3
588.732	9667.72
598.254	9344.29
607.93	9031.77
617.763	8729.6
627.755	8437.63
637.909	8155.34
648.226	7882.55
658.711	7618.91
669.365	7364.05
680.191	7117.71
691.193	6883.84
702.372	6658.39
713.733	6440.34
725.277	6229.42
737.008	6025.42
748.928	5828.08
761.042	5637.22
773.351	5452.61
785.859	5264.45
798.57	5076.89
811.486	4896
824.611	4721.57
837.949	4553.35
851.502	4357.49
865.274	4168.15
879.269	3987.05
893.491	3813.81
907.942	3666.53
922.628	3528.16
937.551	3395.01
952.715	3266.89
968.124	3143.6
983.783	3026.59
999.695	2915.9
1015.86	2809.18
1032.29	2705.86
1048.99	2605.68
1065.96	2508.52
1083.2	2414.99
1100.72	2324.95
1118.52	2238.27
1136.61	2154.76
1155	2074.4
1173.68	1997.03
1192.66	1922.59
1211.95	1850.91
1231.55	1781.85
1251.47	1715.05
1271.72	1650.36
1292.28	1587.6
1313.19	1527.29
1334.43	1469.26
1356.01	1413.41
1377.94	1359.65
1400.23	1307.96
1422.88	1258.26
1445.89	1210.39
1469.28	1164.19
1493.04	1119.5
1517.19	1075.38
1541.73	1032.87
1566.67	992.055
1592.01	952.84
1617.76	915.171
1643.92	878.992
1670.51	844.249
1697.53	4551.87
1724.99	4387.71
1752.89	4229.47
1781.24	4076.92
1810.05	3929.94
1839.32	3788.15
1869.07	3651.51
1899.3	3519.86
1930.02	3856.82
1961.24	3715.74
1992.96	3579.8
2025.2	3450.36
2057.95	3322.57
2091.24	3198.72
2125.06	3078.73
2159.43	2962.66
2194.36	2850.25
2229.85	2741.58
2265.92	2636.52
2302.57	2535.04
2339.81	2436.98
2377.66	2342.32
2416.11	2250.89
2455.19	2162.71
2494.9	2077.63
2535.26	1995.57
2576.26	1916.48
2617.93	1840.28
2660.27	1766.84
2703.3	1696.04
2747.03	1627.92
2791.46	1562.35
2836.61	1499.26
2882.49	1438.42
2929.11	1379.99
2976.48	1323.76
3024.63	1269.68
3073.55	1217.69
3123.26	1167.65
3173.78	1119.6
3225.11	1073.41
3277.27	1029.12
3330.28	986.456
3384.15	945.519
3438.88	906.199
3494.5	868.45
3551.02	832.2
3608.46	797.404
3666.82	764.002
3726.13	731.957
3786.4	701.201
3847.64	671.688
3909.87	643.381
3973.11	616.223
4037.37	590.187
4102.68	565.208
4169.03	541.25
4236.46	518.285
4304.99	496.275
4374.62	475.169
4445.37	454.936
4517.27	435.547
4590.34	416.962
4664.58	399.152
4740.03	382.092
4816.69	365.743
4894.6	350.081
4973.77	335.072
5054.21	320.698
5135.96	306.928
5219.03	293.739
5303.44	281.115
5389.22	269.017
5476.39	257.436
5564.97	246.348
5654.98	235.726
5746.44	225.562
5839.38	215.829
5933.83	206.512
6029.81	197.588
6127.33	189.047
6226.44	180.877
6327.15	173.057
6429.48	165.57
6533.48	158.397
6639.15	151.543
6746.53	144.979
6855.65	138.7
6966.54	132.684
7079.22	126.937
7193.72	121.43
7310.07	116.166
7428.31	111.125
7548.45	106.308
7670.54	101.7
7794.61	97.2848
7920.68	93.0623
8048.79	89.0238
8178.97	85.1605
8311.26	81.4649
8445.69	77.9299
8582.29	74.5475
8721.11	71.313
8862.16	68.2186
9005.5	65.2582
9151.16	62.4274
9299.17	59.7188
9449.58	57.129
9602.42	54.6515
9757.73	52.2815
9915.55	50.0138
10075.9	47.8457
10238.9	45.7724
10404.5	43.7892
10572.8	41.8925
10743.8	40.0783
10917.6	38.3434
11094.2	36.6839
11273.6	35.0965
11455.9	33.5783
11641.2	32.1265
11829.5	30.7379
12020.8	29.4098
12215.3	28.1398
12412.9	26.9247
12613.6	25.7629
12817.6	24.6516
13025	23.589
13235.6	22.5722
13449.7	21.6
13667.2	20.6699
13888.3	19.7805
14112.9	18.9297
14341.2	129.75
14573.1	124.596
14808.9	119.627
15048.4	114.837
15291.8	110.22
15539.1	105.773
15790.4	101.489
16045.8	97.3649
16305.4	93.3956
16569.1	89.575
16837.1	85.8989
17109.4	82.3629
17386.1	78.9625
17667.4	75.6938
17953.1	72.5506
18243.5	69.5302
18538.6	66.6281
18838.4	63.8396
19143.1	61.1615
19452.7	58.5893
19767.4	56.12
20087.1	53.749
20412	51.4732
20742.1	49.2888
21077.6	47.1931
21418.5	45.1823
21765	43.2538
22117	41.4035
22474.7	39.6291
22838.2	37.9278
23207.6	36.2966
23583	34.7329
23964.4	33.234
24352	31.7973
24745.9	30.4207
25146.1	29.1016
25552.9	27.8378
25966.2	26.627
26386.1	25.4669
26812.9	24.3561
27246.6	23.2922
27687.3	22.2734
28135.1	21.2978
28590.2	20.364
29052.6	19.4697
29522.5	18.6138
30000	17.7945
