10	40280.4
10.1617	38770.7
10.3261	37318.2
10.4931	35919.7
10.6628	34573.6
10.8353	33278.2
11.0106	32031.4
11.1886	30852.2
11.3696	30125.5
11.5535	29416
11.7404	28723.3
11.9303	28012.2
12.1232	27140.1
12.3193	26295.1
12.5186	25476.5
12.721	24596.7
12.9268	23746.9
13.1359	22926.5
13.3483	22134.2
13.5642	21369.4
13.7836	20633.4
14.0066	19940.9
14.2331	19271.6
14.4633	18624.8
14.6973	17999.9
14.935	17404.7
15.1765	16879.8
15.422	16370.7
15.6714	15877
15.9249	15398.1
16.1825	14864.1
16.4442	14261.7
16.7102	13683.8
16.9805	13129.3
17.2551	12597.2
17.5342	12090.4
17.8178	11641
18.106	11208.4
18.3989	10791.9
18.6964	10390.7
18.9988	10004.6
19.3061	9648.57
19.6184	9309.92
19.9357	8983.13
20.2582	8667.83
20.5858	8363.89
20.9188	8089.25
21.2571	7823.58
21.6009	7566.65
21.9503	7318.18
22.3053	7073.46
22.6661	6836.43
23.0327	6617.25
23.4053	6479.07
23.7838	6343.77
24.1685	6213.1
24.5594	6092.1
24.9566	5973.45
25.3603	5858.89
25.7705	5762.32
26.1873	5667.35
26.6109	5609.28
27.0413	5703.72
27.4786	5858.4
27.9231	6078.5
28.3747	6668.64
28.8337	7888.27
29.3	18303.2
29.7739	27157.7
30.2555	48712
30.7449	63201.1
31.2421	74924.8
31.7475	81346.7
32.2609	84814.1
32.7827	86275.2
33.313	87435.6
33.8518	87799.4
34.3993	88163.8
34.9557	89159.4
35.5211	90167.4
36.0956	90200.7
36.6794	88602.4
37.2727	87123.1
37.8755	85669
38.4882	82946
39.1107	79083.2
39.7433	76618.8
40.3861	74355.6
41.0393	72159.4
41.7031	70035.8
42.3776	67987.5
43.063	65998.9
43.7595	63820.1
44.4673	61572.4
45.1865	59403.8
45.9174	57482.6
46.66	55808.4
47.4147	54183.2
48.1816	52934.4
48.9609	52010.9
49.7528	51103.7
50.5576	50012.1
51.3753	48672.1
52.2062	47368.1
53.0506	46098.7
53.9087	44962.6
54.7806	43947.5
55.6667	42955.5
56.567	41985.7
57.482	41038.4
58.4117	40112.5
59.3564	39207.5
60.3165	38354.6
61.2921	37552.1
62.2834	36766.3
63.2908	35997
64.3145	35152.4
65.3547	34327.6
66.4118	33522.2
67.4859	33014.1
68.5775	32551.4
69.6867	32095.2
70.8138	31645.3
71.9592	31191
73.123	30710
74.3057	30236.4
75.5076	29770.1
76.7289	29311
77.9699	28728.6
79.231	28070.8
80.5125	27428.1
81.8147	26800.1
83.138	26186.5
84.4827	25949.9
85.8492	26041.4
87.2377	26133.1
88.6487	26076.3
90.0825	25867.8
91.5395	25660.9
93.0201	25455.7
94.5247	25216.2
96.0535	24884.7
97.6071	24557.6
99.1858	24234.7
100.79	23949.5
102.42	23771.2
104.077	23594
105.76	23418.4
107.471	23243.9
109.209	23176.1
110.975	23133.4
112.77	23090.8
114.594	23048.2
116.448	23032.9
118.331	23034.9
120.245	23036.8
122.19	23038.5
124.166	23040.5
126.175	23050.4
128.215	23081
130.289	23111.3
132.397	23141.7
134.538	23172.2
136.714	23202
138.925	23230.7
141.172	23259.2
143.456	23287.7
145.776	23316.4
148.134	23255.9
150.53	23170.2
152.964	23084.8
155.439	22999.4
157.953	22914.6
160.507	22808.5
163.103	22687.8
165.742	22567.7
168.422	22448.3
171.146	22329.5
173.915	22211.3
176.727	22106.4
179.586	22008.4
182.491	21908.7
185.442	21801.6
188.442	21693
191.49	21601.6
194.587	21606.5
197.734	21641.2
200.932	21700.6
204.182	21759.9
207.485	21819.6
210.84	21880
214.251	21678.6
217.716	21424.2
221.237	21130.2
224.816	20839.9
228.452	20553.4
232.147	20270.7
235.902	19992
239.717	19717.1
243.595	19445.8
247.535	19178.8
251.538	18915.2
255.607	18654.6
259.741	18398.5
263.942	18145.8
268.211	17896.1
272.549	17650.5
276.957	17426.5
281.437	17228.4
285.989	17047.5
290.615	16870.4
295.315	16695
300.092	16522
304.945	16350.4
309.878	16180
314.89	16011.9
319.983	15845.7
325.158	15681.2
330.418	15518.3
335.762	15357.3
341.192	15198.2
346.711	15040
352.319	14883.5
358.017	14729.1
363.808	14576.1
369.692	14424.9
375.672	14275.5
381.748	14127.3
387.922	13971.2
394.197	13796.3
400.573	13558
407.052	13298.5
413.635	13044.4
420.326	12794.9
427.124	12550
434.032	12309.8
441.052	12074.2
448.186	11848.3
455.435	11652.6
462.802	11478.4
470.287	11316.4
477.894	11157.1
485.623	10999.6
493.478	10844.1
501.459	10691.5
509.57	10540.6
517.812	10385
526.187	10208.8
534.698	9992.54
543.346	9760.02
552.134	9532.93
561.065	9305.94
570.14	9081.5
579.361	8860.04
588.732	8643.57
598.254	8432.07
607.93	8225.7
617.763	8024.43
627.755	7827.56
637.909	7629.3
648.226	7427.17
658.711	7224.66
669.365	7027.61
680.191	6846.8
691.193	6678.75
702.372	6515.77
713.733	6344.27
725.277	6168.88
737.008	5998.26
748.928	5832.26
761.042	5670.74
773.351	5512.5
785.859	5355.04
798.57	5199.19
811.486	5047.77
824.611	4900.7
837.949	4757.86
851.502	4618.67
865.274	4483.06
879.269	4350.99
893.491	4222.71
907.942	4098.15
922.628	3977.22
937.551	3858.07
952.715	3742.04
968.124	3629.14
983.783	3519.58
999.695	3412.71
1015.86	3308.42
1032.29	3202.18
1048.99	3098.63
1065.96	2997.72
1083.2	2900.07
1100.72	2805.54
1118.52	2714.05
1136.61	2625.38
1155	2539.61
1173.68	2456.62
1192.66	2376.26
1211.95	2298.47
1231.55	2223.18
1251.47	2150.3
1271.72	2079.9
1292.28	2011.81
1313.19	1945.94
1334.43	1882.17
1356.01	1820.39
1377.94	1760.66
1400.23	1702.86
1422.88	1646.91
1445.89	1592.73
1469.28	1539.99
1493.04	1488.5
1517.19	1436.84
1541.73	1386.71
1566.67	1338.32
1592.01	4189.12
1617.76	4017.38
1643.92	4928.42
1670.51	5606.24
1697.53	5386.57
1724.99	5175.44
1752.89	4972.71
1781.24	4777.99
1810.05	4590.98
1839.32	4411.21
1869.07	4238.53
1899.3	4072.64
1930.02	3913.27
1961.24	3760.17
1992.96	3613.1
2025.2	3542.76
2057.95	3404.2
2091.24	3271.08
2125.06	3143.26
2159.43	3020.4
2194.36	2902.48
2229.85	2789.15
2265.92	3313.36
2302.57	3185.67
2339.81	3063
2377.66	2945.09
2416.11	2831.8
2455.19	2723
2494.9	2624.79
2535.26	2625.62
2576.26	2529.25
2617.93	2436.15
2660.27	2346.22
2703.3	2259.32
2747.03	2175.43
2791.46	2094.48
2836.61	2016.36
2882.49	1941
2929.11	1868.25
2976.48	1798.09
3024.63	1730.42
3073.55	1665.2
3123.26	1602.31
3173.78	1541.63
3225.11	1483.19
3277.27	1426.77
3330.28	1372.47
3384.15	1320.17
3438.88	1269.74
3494.5	1221.16
3551.02	1174.33
3608.46	1129.31
3666.82	1085.86
3726.13	1044.1
3786.4	1003.79
3847.64	965.044
3909.87	927.718
3973.11	891.791
4037.37	857.21
4102.68	823.922
4169.03	791.885
4236.46	761.053
4304.99	731.392
4374.62	702.849
4445.37	675.382
4517.27	648.964
4590.34	623.54
4664.58	599.098
4740.03	575.585
4816.69	552.967
4894.6	531.219
4973.77	510.305
5054.21	490.195
5135.96	470.86
5219.03	452.266
5303.44	434.388
5389.22	417.201
5476.39	400.684
5564.97	384.802
5654.98	369.538
5746.44	354.865
5839.38	340.763
5933.83	327.208
6029.81	314.18
6127.33	301.657
6226.44	289.624
6327.15	278.065
6429.48	266.947
6533.48	256.272
6639.15	246.011
6746.53	236.153
6855.65	226.678
6966.54	217.58
7079.22	208.835
7193.72	200.435
7310.07	192.367
7428.31	184.606
7548.45	177.159
7670.54	170.003
7794.61	163.128
7920.68	156.52
8048.79	150.174
8178.97	144.081
8311.26	138.227
8445.69	132.605
8582.29	127.203
8721.11	122.01
8862.16	117.028
9005.5	112.238
9151.16	107.64
9299.17	281.065
9449.58	268.46
9602.42	256.428
9757.73	244.941
9915.55	233.963
10075.9	223.476
10238.9	213.46
10404.5	286.563
10572.8	273.618
10743.8	261.256
10917.6	281.003
11094.2	270.502
11273.6	260.331
11455.9	250.487
11641.2	240.964
11829.5	231.754
12020.8	222.85
12215.3	214.251
12412.9	205.94
12613.6	197.919
12817.6	190.177
13025	182.708
13235.6	175.5
13449.7	168.553
13667.2	161.854
13888.3	155.4
14112.9	149.181
14341.2	143.192
14573.1	137.424
14808.9	131.873
15048.4	126.529
15291.8	121.387
15539.1	116.44
15790.4	111.682
16045.8	107.107
16305.4	102.709
16569.1	98.4804
16837.1	94.4168
17109.4	90.5117
17386.1	86.7601
17667.4	83.1573
17953.1	79.6961
18243.5	76.3728
18538.6	73.1824
18838.4	70.1189
19143.1	67.1789
19452.7	64.3572
19767.4	61.65
20087.1	59.0521
20412	56.56
20742.1	54.1692
21077.6	51.8765
21418.5	49.6777
21765	47.5696
22117	45.548
22474.7	43.6099
22838.2	41.7522
23207.6	39.9715
23583	38.2651
23964.4	36.6295
24352	35.0623
24745.9	33.5608
25146.1	32.1223
25552.9	30.7441
25966.2	29.4238
26386.1	28.159
26812.9	26.948
27246.6	25.788
27687.3	24.6772
28135.1	23.6134
28590.2	22.5949
29052.6	21.6196
29522.5	20.686
30000	19.7922
