10	203635
10.1617	203878
10.3261	204120
10.4931	204363
10.6628	204607
10.8353	204850
11.0106	205093
11.1886	205628
11.3696	207688
11.5535	209769
11.7404	211871
11.9303	213994
12.1232	216140
12.3193	218306
12.5186	220603
12.721	225441
12.9268	230380
13.1359	235427
13.3483	240590
13.5642	245863
13.7836	251252
14.0066	262591
14.2331	275283
14.4633	288586
14.6973	302527
14.935	317148
15.1765	333850
15.422	351850
15.6714	370829
15.9249	390825
16.1825	411898
16.4442	434116
16.7102	457523
16.9805	474297
17.2551	491045
17.5342	508379
17.8178	526328
18.106	544908
18.3989	564141
18.6964	584065
18.9988	599597
19.3061	613196
19.6184	627102
19.9357	641325
20.2582	655868
20.5858	662814
20.9188	663723
21.2571	664636
21.6009	665548
21.9503	666462
22.3053	663063
22.6661	655745
23.0327	648509
23.4053	641352
23.7838	634274
24.1685	624156
24.5594	610646
24.9566	597428
25.3603	584497
25.7705	571845
26.1873	559468
26.6109	547358
27.0413	535510
27.4786	521761
27.9231	505319
28.3747	489392
28.8337	473968
29.3	459029
29.7739	444562
30.2555	430551
30.7449	416981
31.2421	403838
31.7475	391111
32.2609	378784
32.7827	367203
33.313	356409
33.8518	345933
34.3993	335764
34.9557	325894
35.5211	316315
36.0956	307016
36.6794	297992
37.2727	291077
37.8755	285657
38.4882	277240
39.1107	269070
39.7433	261140
40.3861	253446
41.0393	245977
41.7031	238729
42.3776	231694
43.063	224866
43.7595	218240
44.4673	211809
45.1865	205568
45.9174	199510
46.66	193333
47.4147	187188
48.1816	181238
48.9609	175479
49.7528	169901
50.5576	164501
51.3753	159273
52.2062	154211
53.0506	149309
53.9087	148144
54.7806	144283
55.6667	140207
56.567	136245
57.482	132395
58.4117	128653
59.3564	124967
60.3165	121307
61.2921	117713
62.2834	114135
63.2908	110664
64.3145	107298
65.3547	104035
66.4118	100873
67.4859	97806.6
68.5775	94833.2
69.6867	91907.3
70.8138	89045.7
71.9592	86218
73.123	83469.9
74.3057	80809.5
75.5076	78233.1
76.7289	75739.3
77.9699	73325.1
79.231	70962.5
80.5125	68675.2
81.8147	66431.3
83.138	64242.6
84.4827	62125.9
85.8492	60078.8
87.2377	58099.1
88.6487	56181.1
90.0825	54322.1
91.5395	52518.9
93.0201	50765.4
94.5247	49070.7
96.0535	47433
97.6071	45849.5
99.1858	44319.2
100.79	42809.6
102.42	41324.1
104.077	39897.3
105.76	38519.1
107.471	37188.6
109.209	35903.3
110.975	34662.8
112.77	33465.4
114.594	32309.1
116.448	31193.6
118.331	30116.4
120.245	29075.9
122.19	28071.3
124.166	27101.1
126.175	26165.1
128.215	25261.4
130.289	24385.5
132.397	23519
134.538	22682.6
136.714	21876.1
138.925	21098.5
141.172	20348.7
143.456	19625.6
145.776	18927.8
148.134	18255.1
150.53	17606.5
152.964	16980.4
155.439	16376.9
157.953	15794.7
160.507	15227.1
163.103	14652.8
165.742	14070.1
168.422	13510.4
171.146	12973
173.915	12457
176.727	11961.4
179.586	11485.7
182.491	11028.9
185.442	10590.1
188.442	10168.9
191.49	9764.38
194.587	9376.05
197.734	9003.08
200.932	8644.95
204.182	8301.09
207.485	7970.94
210.84	7653.83
214.251	7349.43
217.716	7057.07
221.237	6775.76
224.816	6497.85
228.452	6231.32
232.147	5975.72
235.902	5730.61
239.717	5495.54
243.595	5270.14
247.535	5053.97
251.538	4846.64
255.607	4647.85
259.741	4457.2
263.942	4274.37
268.211	4099.05
272.549	3930.91
276.957	3769.66
281.437	3615.04
285.989	3466.76
290.615	3324.56
295.315	3188.19
300.092	3057.42
304.945	2932
309.878	2811.75
314.89	2680.53
319.983	2545.18
325.158	2416.65
330.418	2294.63
335.762	2178.76
341.192	2068.74
346.711	1964.28
352.319	1865.1
358.017	1770.92
363.808	1681.59
369.692	1597.69
375.672	1518
381.748	1442.27
387.922	1370.31
394.197	1301.96
400.573	1237.01
407.052	1175.3
413.635	30090.2
420.326	28993.1
427.124	27935.8
434.032	26917.1
441.052	25935.6
448.186	24990
455.435	24078.7
462.802	23200.7
470.287	22354.7
477.894	21539.6
485.623	20754.1
493.478	19997.4
501.459	19268.1
509.57	18565.6
517.812	17888.6
526.187	17236.3
534.698	16607.8
543.346	16002.2
552.134	15418.7
561.065	14856.5
570.14	14282.8
579.361	13709.6
588.732	13159.4
598.254	12631.4
607.93	12124.4
617.763	11637.9
627.755	11170.9
637.909	10722.6
648.226	10292.3
658.711	9879.26
669.365	9482.79
680.191	9102.23
691.193	8737
702.372	8386.34
713.733	8049.82
725.277	7726.77
737.008	7416.69
748.928	7119.09
761.042	6833.4
773.351	6555.42
785.859	6282.61
798.57	6018.29
811.486	5765.05
824.611	5522.5
837.949	5290.16
851.502	5068.82
865.274	4858.01
879.269	4657.04
893.491	4464.33
907.942	4279.65
922.628	4102.65
937.551	3930.62
952.715	3765.29
968.124	3606.46
983.783	3454.33
999.695	3308.69
1015.86	3169.21
1032.29	3036.44
1048.99	2907.9
1065.96	2783.42
1083.2	2664.25
1100.72	2550.17
1118.52	2440.93
1136.61	2336.37
1155	2236.32
1173.68	2140.56
1192.66	2048.89
1211.95	1961.16
1231.55	1877.18
1251.47	1796.08
1271.72	1717.75
1292.28	1641.93
1313.19	1569.42
1334.43	1500.13
1356.01	1433.91
1377.94	1370.53
1400.23	1310
1422.88	1252.2
1445.89	1196.89
1469.28	1143.99
1493.04	1093.38
1517.19	1044.66
1541.73	998.074
1566.67	953.615
1592.01	911.115
1617.76	870.506
1643.92	831.696
1670.51	794.625
1697.53	759.207
1724.99	725.373
1752.89	692.733
1781.24	661.462
1810.05	631.531
1839.32	602.956
1869.07	575.676
1899.3	549.628
1930.02	524.757
1961.24	501.015
1992.96	478.349
2025.2	456.878
2057.95	436.081
2091.24	416.201
2125.06	397.205
2159.43	379.049
2194.36	361.71
2229.85	345.141
2265.92	329.319
2302.57	314.198
2339.81	299.759
2377.66	285.961
2416.11	272.784
2455.19	260.203
2494.9	248.191
2535.26	236.72
2576.26	225.763
2617.93	215.31
2660.27	205.317
2703.3	195.788
2747.03	186.69
2791.46	178.001
2836.61	169.715
2882.49	161.801
2929.11	154.242
2976.48	147.033
3024.63	140.155
3073.55	133.587
3123.26	127.321
3173.78	121.343
3225.11	115.647
3277.27	110.2
3330.28	105.011
3384.15	100.06
3438.88	95.3373
3494.5	90.8315
3551.02	86.5331
3608.46	82.4337
3666.82	78.5236
3726.13	74.7953
3786.4	71.239
3847.64	67.8478
3909.87	64.6142
3973.11	61.531
4037.37	58.5827
4102.68	55.7817
4169.03	53.1115
4236.46	50.5683
4304.99	48.1441
4374.62	45.8346
4445.37	43.6339
4517.27	41.5372
4590.34	39.5396
4664.58	37.6366
4740.03	35.8233
4816.69	34.0965
4894.6	32.451
4973.77	30.8841
5054.21	29.3913
5135.96	27.9697
5219.03	26.6159
5303.44	25.3257
5389.22	24.0978
5476.39	22.928
5564.97	21.8138
5654.98	20.7537
5746.44	19.7436
5839.38	18.782
5933.83	17.8659
6029.81	16.9943
6127.33	16.1639
6226.44	15.3738
6327.15	14.6218
6429.48	13.906
6533.48	13.2245
6639.15	12.5754
6746.53	11.9576
6855.65	11.3702
6966.54	10.8108
7079.22	10.2788
7193.72	9.77211
7310.07	9.28989
7428.31	8.83116
7548.45	8.39468
7670.54	7.97936
7794.61	7.58423
7920.68	7.20829
8048.79	6.85069
8178.97	6.51044
8311.26	6.18675
8445.69	5.87899
8582.29	5.5861
8721.11	5.3076
8862.16	5.04274
9005.5	4.79081
9151.16	4.55127
9299.17	4.32347
9449.58	4.10683
9602.42	3.90093
9757.73	3.70506
9915.55	3.5189
10075.9	3.34188
10238.9	3.17364
10404.5	3.01369
10572.8	2.86168
10743.8	2.71718
10917.6	2.57986
11094.2	2.44935
11273.6	2.32529
11455.9	2.20741
11641.2	2.09542
11829.5	1.98901
12020.8	1.8879
12215.3	1.79188
12412.9	1.70061
12613.6	1.61395
12817.6	1.53162
13025	1.45345
13235.6	1.37917
13449.7	1.30865
13667.2	1.24167
13888.3	1.17809
14112.9	1.11771
14341.2	1.06039
14573.1	1.00595
14808.9	0.954308
15048.4	0.905265
15291.8	0.858721
15539.1	0.814543
15790.4	0.772615
16045.8	0.732833
16305.4	0.695091
16569.1	0.659272
16837.1	0.625293
17109.4	0.593055
17386.1	0.562474
17667.4	0.533477
17953.1	0.505963
18243.5	0.479877
18538.6	0.455137
18838.4	0.431677
19143.1	0.409435
19452.7	0.388346
19767.4	0.368358
20087.1	0.349522
20412	0.331553
20742.1	0.314515
21077.6	0.298362
21418.5	0.283046
21765	0.268525
22117	0.254751
22474.7	0.241691
22838.2	0.229305
23207.6	0.217559
23583	0.20642
23964.4	0.195853
24352	0.185832
24745.9	0.176328
25146.1	0.167312
25552.9	0.15876
25966.2	0.150649
26386.1	0.142952
26812.9	0.135652
27246.6	0.128727
27687.3	0.122157
28135.1	0.115923
28590.2	0.110009
29052.6	0.104398
29522.5	0.0990741
30000	0.0940229
