10	116255
10.1617	118651
10.3261	121094
10.4931	123588
10.6628	126135
10.8353	128732
11.0106	131382
11.1886	134090
11.3696	136366
11.5535	137674
11.7404	138995
11.9303	140328
12.1232	141676
12.3193	143035
12.5186	144406
12.721	145793
12.9268	147059
13.1359	148113
13.3483	149176
13.5642	150245
13.7836	151321
14.0066	152404
14.2331	153497
14.4633	154131
14.6973	153938
14.935	153745
15.1765	153554
15.422	153362
15.6714	153170
15.9249	152481
16.1825	151358
16.4442	150243
16.7102	149137
16.9805	148038
17.2551	145053
17.5342	142062
17.8178	139131
18.106	136262
18.3989	133452
18.6964	129826
18.9988	124534
19.3061	119458
19.6184	114588
19.9357	109917
20.2582	105437
20.5858	100574
20.9188	95833.8
21.2571	91316.4
21.6009	87012.1
21.9503	82911.1
22.3053	79003
22.6661	75604.1
23.0327	72432.9
23.4053	69395
23.7838	66484.1
24.1685	63695.4
24.5594	61246.4
24.9566	59329.5
25.3603	57472.8
25.7705	55674.2
26.1873	53931.9
26.6109	52685
27.0413	51739.4
27.4786	50810.8
27.9231	49898.9
28.3747	49311.5
28.8337	49643.1
29.3	49977.2
29.7739	51089.7
30.2555	53304.8
30.7449	55615.6
31.2421	58876.9
31.7475	63794.4
32.2609	69125
32.7827	74899.7
33.313	81155.6
33.8518	87935.4
34.3993	95282.1
34.9557	104255
35.5211	114998
36.0956	126849
36.6794	139576
37.2727	150766
37.8755	162857
38.4882	173294
39.1107	177179
39.7433	178399
40.3861	176539
41.0393	173572
41.7031	170654
42.3776	167786
43.063	164965
43.7595	162192
44.4673	159466
45.1865	156786
45.9174	154151
46.66	149165
47.4147	143413
48.1816	137884
48.9609	132567
49.7528	126872
50.5576	118403
51.3753	110499
52.2062	103122
53.0506	96121.4
53.9087	89048.4
54.7806	82495.3
55.6667	76424.8
56.567	70800.6
57.482	65590.7
58.4117	60763.9
59.3564	56292.2
60.3165	52149.9
61.2921	48312.3
62.2834	44569.4
63.2908	40893.2
64.3145	37520.1
65.3547	34425.2
66.4118	31585.8
67.4859	28980.3
68.5775	26590
69.6867	24396.7
70.8138	22384.3
71.9592	20537.8
73.123	18666.7
74.3057	16949
75.5076	15389.4
76.7289	13973.3
77.9699	12687.5
79.231	11520
80.5125	10524.9
81.8147	9630.96
83.138	8812.88
84.4827	8064.36
85.8492	7379.4
87.2377	6752.61
88.6487	6366.53
90.0825	6027.73
91.5395	5706.97
93.0201	5403.31
94.5247	5136.14
96.0535	4926.28
97.6071	4725
99.1858	4693.18
100.79	4693.07
102.42	4706.48
104.077	4742.11
105.76	4778.08
107.471	4814.27
109.209	4878
110.975	4943.07
112.77	5008.97
114.594	5075.75
116.448	5124.6
118.331	5162.32
120.245	5200.31
122.19	5238.51
124.166	5277.05
126.175	5315.81
128.215	5354.96
130.289	5394.33
132.397	5433.98
134.538	5453.92
136.714	5471.8
138.925	5489.76
141.172	5507.74
143.456	5525.77
145.776	5543.9
148.134	5562.05
150.53	5576.81
152.964	5569.62
155.439	5562.37
157.953	5555.16
160.507	5548
163.103	5540.36
165.742	5521.67
168.422	5502.75
171.146	5483.71
173.915	5464.74
176.727	5445.85
179.586	5448.03
182.491	5455.74
185.442	5501.79
188.442	5586.44
191.49	5672.49
194.587	5819.15
197.734	6068.96
200.932	6331.88
204.182	6725.92
207.485	7123.92
210.84	7545.77
214.251	8441.19
217.716	9508.88
221.237	10913.6
224.816	12528.3
228.452	14388.5
232.147	15942.8
235.902	17248.9
239.717	18662.4
243.595	20126.7
247.535	21210.1
251.538	22352
255.607	23009.3
259.741	23457.8
263.942	23915.1
268.211	24161.6
272.549	24409.9
276.957	24660.8
281.437	24914
285.989	25017.9
290.615	25091.3
295.315	25164.9
300.092	25238.7
304.945	25274.6
309.878	25224
314.89	25173.6
319.983	25123.3
325.158	25073
330.418	24736.7
335.762	24273.2
341.192	23818.4
346.711	23567.3
352.319	23392.2
358.017	23218.5
363.808	23046.1
369.692	22875
375.672	22705.1
381.748	22536.5
387.922	22369.1
394.197	22203
400.573	21990.6
407.052	21647
413.635	21308.8
420.326	20976
427.124	20648.3
434.032	20325.8
441.052	20008.2
448.186	19695.7
455.435	19388
462.802	19020.6
470.287	18633.7
477.894	18254.5
485.623	17883.2
493.478	17519.4
501.459	17162.9
509.57	16813.8
517.812	16471.7
526.187	16136.6
534.698	15808.3
543.346	15476.7
552.134	15048
561.065	14631.3
570.14	14226
579.361	13832
588.732	13448.9
598.254	13076.3
607.93	12714.1
617.763	12362
627.755	12019.6
637.909	11686.6
648.226	11363
658.711	11048.2
669.365	10742.2
680.191	10444.6
691.193	10155.3
702.372	9874.07
713.733	9600.59
725.277	9334.69
737.008	9076.12
748.928	8803.26
761.042	8536.51
773.351	8277.82
785.859	8026.99
798.57	7783.76
811.486	7547.85
824.611	7319.18
837.949	7097.34
851.502	6856.72
865.274	6581.91
879.269	6318.14
893.491	6064.9
907.942	5826.6
922.628	5599.06
937.551	5394.44
952.715	5203.7
968.124	5019.45
983.783	4841.82
999.695	4670.21
1015.86	4504.45
1032.29	4343.04
1048.99	4186
1065.96	4033.14
1083.2	3885.83
1100.72	3743.91
1118.52	3607.16
1136.61	3475.43
1155	3348.55
1173.68	3226.31
1192.66	3108.46
1211.95	2994.92
1231.55	2885.52
1251.47	2779.52
1271.72	2676.71
1292.28	2576.81
1313.19	2480.65
1334.43	2388.09
1356.01	2298.98
1377.94	2213.2
1400.23	2130.63
1422.88	2051.14
1445.89	1974.55
1469.28	1900.41
1493.04	1828.39
1517.19	1756.25
1541.73	1686.57
1566.67	1619.67
1592.01	1555.48
1617.76	1493.81
1643.92	1434.54
1670.51	1377.63
1697.53	1323
1724.99	1270.57
1752.89	1220.77
1781.24	1173.1
1810.05	1127.41
1839.32	1083.54
1869.07	1041.38
1899.3	1000.86
1930.02	961.905
1961.24	924.474
1992.96	888.494
2025.2	853.87
2057.95	821.175
2091.24	789.865
2125.06	759.88
2159.43	731.149
2194.36	703.659
2229.85	677.326
2265.92	652.106
2302.57	627.954
2339.81	604.824
2377.66	2158.74
2416.11	2072.67
2455.19	1989.99
2494.9	2638.1
2535.26	2539.19
2576.26	2443.97
2617.93	2352.37
2660.27	2264.14
2703.3	2484.21
2747.03	2390.37
2791.46	2299.89
2836.61	2212.42
2882.49	2127.88
2929.11	2046.14
2976.48	1967.17
3024.63	1890.93
3073.55	1817.32
3123.26	1746.28
3173.78	1677.76
3225.11	1611.7
3277.27	1547.99
3330.28	1486.6
3384.15	1427.46
3438.88	1370.5
3494.5	1315.61
3551.02	1262.7
3608.46	1211.81
3666.82	1162.87
3726.13	1115.81
3786.4	1070.48
3847.64	1026.86
3909.87	984.946
3973.11	944.647
4037.37	905.91
4102.68	868.676
4169.03	832.893
4236.46	798.514
4304.99	765.497
4374.62	733.774
4445.37	703.313
4517.27	674.064
4590.34	645.98
4664.58	619.026
4740.03	593.15
4816.69	568.321
4894.6	544.493
4973.77	521.629
5054.21	499.688
5135.96	478.647
5219.03	458.465
5303.44	439.109
5389.22	420.546
5476.39	402.752
5564.97	385.688
5654.98	369.333
5746.44	353.647
5839.38	338.614
5933.83	324.203
6029.81	310.397
6127.33	297.161
6226.44	284.482
6327.15	272.332
6429.48	260.688
6533.48	249.541
6639.15	238.855
6746.53	228.622
6855.65	218.819
6966.54	209.43
7079.22	200.438
7193.72	191.824
7310.07	183.576
7428.31	175.676
7548.45	168.121
7670.54	160.879
7794.61	153.947
7920.68	147.311
8048.79	140.957
8178.97	134.871
8311.26	129.045
8445.69	123.473
8582.29	118.136
8721.11	113.027
8862.16	108.141
9005.5	103.467
9151.16	98.9862
9299.17	94.7007
9449.58	90.599
9602.42	86.6741
9757.73	82.9185
9915.55	79.324
10075.9	75.8841
10238.9	72.5937
10404.5	69.4445
10572.8	66.4313
10743.8	63.5481
10917.6	60.7896
11094.2	58.15
11273.6	55.6243
11455.9	53.2078
11641.2	50.8962
11829.5	48.6845
12020.8	46.5685
12215.3	44.5445
12412.9	42.6076
12613.6	40.7551
12817.6	38.9824
13025	37.2872
13235.6	35.6647
13449.7	34.1132
13667.2	32.6284
13888.3	31.2085
14112.9	29.8499
14341.2	28.5505
14573.1	27.3071
14808.9	26.1182
15048.4	24.9805
15291.8	23.8923
15539.1	22.8513
15790.4	21.8554
16045.8	20.9028
16305.4	19.9918
16569.1	19.1201
16837.1	18.2863
17109.4	17.4887
17386.1	16.7257
17667.4	15.996
17953.1	15.2978
18243.5	14.63
18538.6	13.9912
18838.4	13.38
19143.1	87.4736
19452.7	83.9592
19767.4	80.574
20087.1	77.3131
20412	74.1732
20742.1	71.1508
21077.6	68.2422
21418.5	65.4435
21765	62.7518
22117	60.1628
22474.7	57.6735
22838.2	55.2804
23207.6	52.9808
23583	50.771
23964.4	48.6478
24352	46.6084
24745.9	44.6501
25146.1	42.7697
25552.9	40.9641
25966.2	39.2312
26386.1	37.5677
26812.9	35.9717
27246.6	34.4404
27687.3	32.9715
28135.1	31.5625
28590.2	30.2113
29052.6	28.9154
29522.5	27.673
30000	26.4819
