10	7132.09
10.1617	7227.67
10.3261	7324.4
10.4931	7422.49
10.6628	7521.9
10.8353	7622.58
11.0106	7724.59
11.1886	7828.14
11.3696	7932.94
11.5535	8039.16
11.7404	8146.79
11.9303	8255.86
12.1232	8366.51
12.3193	8457.92
12.5186	8533.68
12.721	8610.26
12.9268	8687.39
13.1359	8765.25
13.3483	8843.88
13.5642	8923.17
13.7836	8979.8
14.0066	9034.95
14.2331	9090.52
14.4633	9146.39
14.6973	9202.57
14.935	9259.13
15.1765	9331.96
15.422	9422.6
15.6714	9514.17
15.9249	9606.58
16.1825	9699.88
16.4442	9794.16
16.7102	9889.29
16.9805	9974.63
17.2551	10055.3
17.5342	10136.7
17.8178	10218.6
18.106	10419.2
18.3989	10639.1
18.6964	11066.5
18.9988	11639.6
19.3061	12820.7
19.6184	15872.5
19.9357	18632.6
20.2582	21078.1
20.5858	23336.8
20.9188	25274
21.2571	27372.8
21.6009	31538.8
21.9503	40483.2
22.3053	45646.4
22.6661	53302
23.0327	65557.8
23.4053	76790.3
23.7838	87812.5
24.1685	94770.8
24.5594	102281
24.9566	114827
25.3603	127067
25.7705	132696
26.1873	137426
26.6109	140365
27.0413	142837
27.4786	141398
27.9231	139974
28.3747	137169
28.8337	130456
29.3	124070
29.7739	117766
30.2555	111744
30.7449	106061
31.2421	100681
31.7475	95575.5
32.2609	91767.8
32.7827	88279.6
33.313	84924
33.8518	81757.8
34.3993	79175.5
34.9557	76674.8
35.5211	74253.2
36.0956	71820.1
36.6794	69405.9
37.2727	67073
37.8755	64793.6
38.4882	62578.2
39.1107	60333.3
39.7433	57919.8
40.3861	55603
41.0393	53378.8
41.7031	51399.2
42.3776	49549.5
43.063	47766.5
43.7595	46858.4
44.4673	45987.8
45.1865	45133.3
45.9174	44294.9
46.66	43375.6
47.4147	42439.9
48.1816	41524.4
48.9609	40628.7
49.7528	39752.2
50.5576	38894.7
51.3753	38073
52.2062	37286
53.0506	36515.4
53.9087	35760.6
54.7806	35020.5
55.6667	34293.4
56.567	33581.5
57.482	32884.3
58.4117	32201.5
59.3564	31533
60.3165	30878.4
61.2921	30237.3
62.2834	29609.5
63.2908	28994.8
64.3145	28392.8
65.3547	27803.4
66.4118	27226.2
67.4859	26660.9
68.5775	26107.4
69.6867	25565.4
70.8138	25036.5
71.9592	24518.6
73.123	24011.5
74.3057	23514.9
75.5076	23028.6
76.7289	22552.3
77.9699	22085.9
79.231	21629.1
80.5125	21181.7
81.8147	20743.6
83.138	20267
84.4827	19746.2
85.8492	19238.9
87.2377	18744.5
88.6487	18262.9
90.0825	17793.6
91.5395	17336.5
93.0201	16869
94.5247	16329.7
96.0535	15829.6
97.6071	15464.2
99.1858	15107.3
100.79	14766
102.42	14456.7
104.077	14153.9
105.76	13857.5
107.471	13624.9
109.209	13416
110.975	13211.2
112.77	16426.9
114.594	19025.2
116.448	19273.5
118.331	17564.1
120.245	24268.8
122.19	39434
124.166	60791.1
126.175	82577.8
128.215	92028.9
130.289	102551
132.397	104328
134.538	100226
136.714	93641.7
138.925	85923.2
141.172	77517.2
143.456	69934.9
145.776	63092.3
148.134	57063.4
150.53	51694.3
152.964	46829.2
155.439	42424.4
157.953	38432.7
160.507	34936.8
163.103	31835.8
165.742	29010.8
168.422	26435.1
171.146	24088.7
173.915	22065.2
176.727	20388.3
179.586	18839.5
182.491	17408.4
185.442	16185.9
188.442	15393
191.49	14638.7
194.587	13921.5
197.734	13239.4
200.932	12590.6
204.182	11973.7
207.485	11557.6
210.84	11350
214.251	11146.2
217.716	10946
221.237	10749.4
224.816	10556.4
228.452	10366.8
232.147	10180.7
235.902	9997.86
239.717	9818.31
243.595	9641.99
247.535	9468.86
251.538	9298.82
255.607	9131.83
259.741	8972.11
263.942	8908.18
268.211	8844.69
272.549	8781.67
276.957	8719.1
281.437	8656.95
285.989	8595.27
290.615	8534.01
295.315	8473.2
300.092	8445.73
304.945	8427.54
309.878	8409.35
314.89	8391.23
319.983	8373.15
325.158	8355.11
330.418	8337.08
335.762	8319.12
341.192	8290.52
346.711	8224
352.319	8158
358.017	8092.55
363.808	8027.58
369.692	7938.55
375.672	7811.81
381.748	7687.08
387.922	7564.35
394.197	7443.58
400.573	7324.67
407.052	7207.73
413.635	7092.65
420.326	6990.17
427.124	6911.62
434.032	6833.94
441.052	6757.18
448.186	6681.19
455.435	6606.17
462.802	6530.77
470.287	6419.57
477.894	6310.31
485.623	6202.84
493.478	6097.25
501.459	5993.4
509.57	5891.36
517.812	5791.11
526.187	5692.5
534.698	5595.57
543.346	5499.9
552.134	5396.46
561.065	5294.97
570.14	5195.34
579.361	5097.59
588.732	5001.73
598.254	4907.64
607.93	4815.32
617.763	4724.7
627.755	4625.3
637.909	4502.91
648.226	4383.76
658.711	4267.77
669.365	4154.84
680.191	4044.91
691.193	3937.89
702.372	3833.68
713.733	3727.58
725.277	3614.58
737.008	3505
748.928	3398.74
761.042	3295.71
773.351	3195.79
785.859	3098.91
798.57	3004.97
811.486	2913.87
824.611	2831
837.949	2753.56
851.502	2677.75
865.274	2603.45
879.269	2530.7
893.491	2460.04
907.942	2391.33
922.628	2324.53
937.551	2259.55
952.715	2196.43
968.124	2135.09
983.783	9090.21
999.695	8853.05
1015.86	8622.06
1032.29	8397.08
1048.99	8176.73
1065.96	7960.89
1083.2	7750.6
1100.72	7545.93
1118.52	7346.62
1136.61	7152.61
1155	6963.75
1173.68	6779.83
1192.66	6600.77
1211.95	6426.46
1231.55	6256.73
1251.47	6121.14
1271.72	6020.59
1292.28	5961.01
1313.19	5902.1
1334.43	5843.74
1356.01	5785.97
1377.94	5728.75
1400.23	5672.09
1422.88	5616.04
1445.89	5560.49
1469.28	5493.84
1493.04	5410.44
1517.19	5255.97
1541.73	5096.1
1566.67	4941.04
1592.01	4889.84
1617.76	4805.56
1643.92	4630.24
1670.51	4461.36
1697.53	4298.63
1724.99	4141.81
1752.89	3988.83
1781.24	3840.9
1810.05	3698.05
1839.32	3560.46
1869.07	3428.01
1899.3	3300.52
1930.02	3177.73
1961.24	3059.51
1992.96	2945.69
2025.2	2837.29
2057.95	2730.79
2091.24	2628.01
2125.06	2529.03
2159.43	2433.59
2194.36	2341.64
2229.85	2252.99
2265.92	2167.61
2302.57	2085.35
2339.81	2006.13
2377.66	1929.78
2416.11	1856.23
2455.19	1785.47
2494.9	1717.3
2535.26	1651.72
2576.26	1588.51
2617.93	1527.69
2660.27	1469.11
2703.3	1412.75
2747.03	1358.47
2791.46	1306.25
2836.61	1255.98
2882.49	1207.61
2929.11	1161.06
2976.48	1116.29
3024.63	1073.19
3073.55	1031.74
3123.26	991.85
3173.78	953.444
3225.11	916.513
3277.27	880.991
3330.28	846.819
3384.15	813.944
3438.88	782.326
3494.5	751.91
3551.02	722.658
3608.46	694.521
3666.82	667.457
3726.13	641.435
3786.4	616.398
3847.64	592.324
3909.87	569.172
3973.11	546.913
4037.37	525.501
4102.68	504.911
4169.03	485.11
4236.46	466.07
4304.99	447.766
4374.62	430.163
4445.37	413.236
4517.27	396.955
4590.34	381.306
4664.58	366.257
4740.03	351.791
4816.69	337.88
4894.6	324.506
4973.77	311.64
5054.21	299.277
5135.96	287.39
5219.03	275.963
5303.44	264.976
5389.22	254.407
5476.39	244.249
5564.97	234.485
5654.98	225.1
5746.44	216.075
5839.38	207.399
5933.83	199.058
6029.81	191.039
6127.33	183.335
6226.44	515.009
6327.15	491.911
6429.48	469.86
6533.48	448.796
6639.15	428.674
6746.53	565.433
6855.65	540.573
6966.54	516.81
7079.22	494.092
7193.72	542.015
7310.07	521.359
7428.31	501.394
7548.45	482.089
7670.54	463.429
7794.61	445.417
7920.68	428.033
8048.79	411.242
8178.97	395.042
8311.26	379.42
8445.69	364.37
8582.29	349.851
8721.11	335.857
8862.16	322.382
9005.5	309.405
9151.16	296.914
9299.17	284.88
9449.58	273.304
9602.42	262.167
9757.73	251.455
9915.55	241.16
10075.9	231.251
10238.9	221.727
10404.5	212.572
10572.8	203.775
10743.8	195.322
10917.6	187.202
11094.2	179.404
11273.6	171.913
11455.9	164.721
11641.2	157.818
11829.5	151.191
12020.8	144.831
12215.3	138.729
12412.9	132.873
12613.6	127.256
12817.6	121.867
13025	116.7
13235.6	111.743
13449.7	106.991
13667.2	102.434
13888.3	98.0669
14112.9	93.8792
14341.2	89.8664
14573.1	86.0198
14808.9	82.3349
15048.4	78.8032
15291.8	75.4195
15539.1	72.1776
15790.4	69.0721
16045.8	66.0976
16305.4	63.2492
16569.1	60.5205
16837.1	57.9079
17109.4	55.4058
17386.1	53.01
17667.4	50.7168
17953.1	48.5206
18243.5	46.4185
18538.6	44.4063
18838.4	42.48
19143.1	40.6364
19452.7	38.8718
19767.4	37.1834
20087.1	35.5673
20412	34.021
20742.1	32.5411
21077.6	31.1252
21418.5	29.7705
21765	28.4747
22117	27.2346
22474.7	26.0482
22838.2	24.9134
23207.6	23.8279
23583	22.7895
23964.4	21.7962
24352	20.8462
24745.9	19.9375
25146.1	19.0685
25552.9	18.2373
25966.2	17.4424
26386.1	16.6819
26812.9	15.9549
27246.6	15.2597
27687.3	14.5948
28135.1	13.959
28590.2	13.3511
29052.6	12.7698
29522.5	12.2138
30000	11.6823
