10	184962
10.1617	183039
10.3261	180164
10.4931	177334
10.6628	174549
10.8353	171808
11.0106	169109
11.1886	166453
11.3696	163838
11.5535	161265
11.7404	158732
11.9303	156555
12.1232	154551
12.3193	152574
12.5186	150621
12.721	148694
12.9268	146791
13.1359	144913
13.3483	143059
13.5642	142247
13.7836	142354
14.0066	142460
14.2331	142567
14.4633	142675
14.6973	143406
14.935	146672
15.1765	150014
15.422	153430
15.6714	163376
15.9249	177852
16.1825	193612
16.4442	210775
16.7102	229452
16.9805	249784
17.2551	271927
17.5342	296024
17.8178	323380
18.106	355279
18.3989	390321
18.6964	428840
18.9988	458952
19.3061	474002
19.6184	489544
19.9357	498512
20.2582	498068
20.5858	497627
20.9188	497183
21.2571	496744
21.6009	495632
21.9503	492905
22.3053	490192
22.6661	487494
23.0327	484812
23.4053	482142
23.7838	479490
24.1685	475656
24.5594	470323
24.9566	465049
25.3603	459835
25.7705	454680
26.1873	449582
26.6109	444541
27.0413	439557
27.4786	434628
27.9231	429756
28.3747	424937
28.8337	420173
29.3	415462
29.7739	410804
30.2555	406198
30.7449	401644
31.2421	397140
31.7475	392688
32.2609	388285
32.7827	383931
33.313	379626
33.8518	375370
34.3993	371162
34.9557	367000
35.5211	362885
36.0956	358817
36.6794	351952
37.2727	344462
37.8755	337130
38.4882	329956
39.1107	322933
39.7433	316061
40.3861	309334
41.0393	302751
41.7031	296307
42.3776	290001
43.063	283829
43.7595	277789
44.4673	271877
45.1865	266090
45.9174	260427
46.66	254884
47.4147	249460
48.1816	244151
48.9609	238458
49.7528	231812
50.5576	225350
51.3753	219068
52.2062	212962
53.0506	207026
53.9087	201255
54.7806	195645
55.6667	190192
56.567	184890
57.482	179737
58.4117	174727
59.3564	169856
60.3165	165121
61.2921	160519
62.2834	156044
63.2908	151695
64.3145	147466
65.3547	143356
66.4118	139360
67.4859	135475
68.5775	131699
69.6867	128028
70.8138	124494
71.9592	121066
73.123	117732
74.3057	114489
75.5076	111337
76.7289	108271
77.9699	105289
79.231	102390
80.5125	99570.7
81.8147	96828.6
83.138	94162.1
84.4827	91569.2
85.8492	89047.7
87.2377	86595.4
88.6487	84210.8
90.0825	81891.8
91.5395	79636.7
93.0201	77443.8
94.5247	75311
96.0535	73237.3
97.6071	71220.4
99.1858	69126.1
100.79	66753.2
102.42	64461.6
104.077	62249.2
105.76	60112
107.471	58048.9
109.209	56056
110.975	54131.7
112.77	52273.6
114.594	50479.1
116.448	48746.5
118.331	47073.1
120.245	45457.1
122.19	43896.8
124.166	42389.9
126.175	40935.1
128.215	39529.6
130.289	38172.8
132.397	36862.7
134.538	35597.9
136.714	34418.9
138.925	33278.9
141.172	32176.5
143.456	31111
145.776	30080.5
148.134	29084.2
150.53	28120.9
152.964	27189.3
155.439	26289.1
157.953	25418.2
160.507	24576.4
163.103	23762.2
165.742	22975.4
168.422	22214.3
171.146	21478.6
173.915	20767.2
176.727	20079.3
179.586	19414.3
182.491	18702.8
185.442	17867.5
188.442	17069.7
191.49	16307.3
194.587	15579.1
197.734	14883.4
200.932	14218.8
204.182	13583.8
207.485	12977.2
210.84	12397.6
214.251	11844.1
217.716	11315.1
221.237	10809.8
224.816	10327.1
228.452	9865.94
232.147	9425.35
235.902	9004.48
239.717	8613.93
243.595	8281.54
247.535	7961.96
251.538	7654.67
255.607	7359.33
259.741	7075.31
263.942	6802.27
268.211	6539.75
272.549	6287.36
276.957	6043.15
281.437	5806.52
285.989	5578.06
290.615	5358.42
295.315	5147.38
300.092	4944.68
304.945	4749.96
309.878	4562.93
314.89	4383.26
319.983	4210.65
325.158	4044.79
330.418	3885.53
335.762	3732.52
341.192	3585.55
346.711	3444.35
352.319	3308.7
358.017	3178.44
363.808	3053.26
369.692	2933.01
375.672	2817.5
381.748	2706.54
387.922	2599.32
394.197	2495.01
400.573	2394.69
407.052	2298.32
413.635	2205.74
420.326	2116.96
427.124	2031.75
434.032	1949.95
441.052	1871.43
448.186	1796.09
455.435	1723.88
462.802	1654.66
470.287	1588.24
477.894	1524.44
485.623	1463.24
493.478	1404.51
501.459	1348.17
509.57	1294.02
517.812	1242.04
526.187	1192.21
534.698	1144.38
543.346	21338.4
552.134	20511.1
561.065	19715.8
570.14	18953.1
579.361	18231.9
588.732	17541.3
598.254	16878.8
607.93	16241
617.763	15627.2
627.755	15035.2
637.909	14451.3
648.226	13869.6
658.711	13298.3
669.365	12750.6
680.191	12259.3
691.193	11812.2
702.372	11386.7
713.733	10953.3
725.277	10521
737.008	10106.3
748.928	9707.7
761.042	9324.53
773.351	8954.2
785.859	8591.06
798.57	8236.64
811.486	7896.78
824.611	7570.95
837.949	7258.56
851.502	6964.59
865.274	6688.33
879.269	6428.01
893.491	6177.82
907.942	5937.38
922.628	5706.3
937.551	5473.6
952.715	5247.81
968.124	5029.18
983.783	4819.61
999.695	4619.02
1015.86	4427.05
1032.29	4245.09
1048.99	4069.21
1065.96	3899.14
1083.2	3736.11
1100.72	3579.9
1118.52	3430.19
1136.61	3286.81
1155	3149.43
1173.68	3017.73
1192.66	2891.53
1211.95	2770.62
1231.55	2654.76
1251.47	2543.28
1271.72	2435.97
1292.28	2332.48
1313.19	2233.4
1334.43	2138.55
1356.01	2047.71
1377.94	1960.78
1400.23	1877.51
1422.88	1797.74
1445.89	1721.41
1469.28	1648.17
1493.04	1577.77
1517.19	1509.51
1541.73	1444.1
1566.67	1381.59
1592.01	1321.71
1617.76	1264.43
1643.92	1209.65
1670.51	1157.21
1697.53	1107.05
1724.99	1059.06
1752.89	1012.8
1781.24	968.448
1810.05	925.952
1839.32	885.311
1869.07	846.458
1899.3	809.309
1930.02	773.789
1961.24	739.83
1992.96	707.36
2025.2	676.564
2057.95	646.724
2091.24	618.153
2125.06	590.812
2159.43	564.661
2194.36	539.635
2229.85	515.69
2265.92	492.784
2302.57	470.866
2339.81	449.9
2377.66	429.848
2416.11	410.664
2455.19	392.313
2494.9	374.772
2535.26	357.981
2576.26	341.928
2617.93	326.576
2660.27	311.897
2703.3	297.856
2747.03	284.428
2791.46	271.592
2836.61	259.321
2882.49	247.583
2929.11	236.357
2976.48	225.623
3024.63	215.371
3073.55	205.563
3123.26	196.185
3173.78	187.221
3225.11	178.651
3277.27	170.463
3330.28	162.633
3384.15	155.154
3438.88	148.004
3494.5	141.169
3551.02	134.636
3608.46	128.393
3666.82	122.419
3726.13	116.717
3786.4	111.27
3847.64	106.062
3909.87	101.088
3973.11	96.3337
4037.37	91.7834
4102.68	87.4519
4169.03	83.3205
4236.46	79.382
4304.99	75.6247
4374.62	72.043
4445.37	68.6272
4517.27	65.3702
4590.34	62.2659
4664.58	59.3055
4740.03	56.4835
4816.69	53.793
4894.6	51.2285
4973.77	48.7842
5054.21	46.4538
5135.96	44.233
5219.03	42.1168
5303.44	40.0996
5389.22	38.1773
5476.39	36.3453
5564.97	34.5997
5654.98	32.9369
5746.44	31.3524
5839.38	29.8426
5933.83	28.404
6029.81	27.0332
6127.33	25.7282
6226.44	24.4843
6327.15	23.3001
6429.48	22.1719
6533.48	21.0971
6639.15	20.0731
6746.53	19.0983
6855.65	18.1703
6966.54	17.2863
7079.22	16.4446
7193.72	15.6429
7310.07	14.8797
7428.31	14.1535
7548.45	13.4613
7670.54	12.8028
7794.61	12.1755
7920.68	11.5786
8048.79	11.011
8178.97	10.4702
8311.26	9.95547
8445.69	9.46554
8582.29	8.99932
8721.11	8.55565
8862.16	8.13346
9005.5	7.73171
9151.16	7.34948
9299.17	6.98579
9449.58	6.63973
9602.42	6.31055
9757.73	5.99737
9915.55	5.69953
10075.9	5.4161
10238.9	5.14657
10404.5	4.89019
10572.8	4.64637
10743.8	4.41447
10917.6	4.19398
11094.2	3.98429
11273.6	3.78486
11455.9	3.59527
11641.2	3.41502
11829.5	3.24366
12020.8	3.08074
12215.3	2.92592
12412.9	2.77867
12613.6	2.63878
12817.6	2.50579
13025	2.37946
13235.6	2.25931
13449.7	2.1452
13667.2	2.03675
13888.3	1.93373
14112.9	1.83582
14341.2	1.74283
14573.1	1.65446
14808.9	1.57056
15048.4	1.49084
15291.8	1.41513
15539.1	1.34321
15790.4	1.27492
16045.8	1.21008
16305.4	1.14851
16569.1	1.09005
16837.1	1.03454
17109.4	0.981847
17386.1	0.931823
17667.4	0.884352
17953.1	0.839281
18243.5	0.796511
18538.6	0.755924
18838.4	0.717401
19143.1	0.680852
19452.7	0.646172
19767.4	0.613277
20087.1	0.582181
20412	0.552565
20742.1	0.524462
21077.6	0.4978
21418.5	0.472501
21765	0.448499
22117	0.425719
22474.7	0.404102
22838.2	0.383588
23207.6	0.364122
23583	0.345649
23964.4	0.328115
24352	0.311476
24745.9	0.295683
25146.1	0.280695
25552.9	0.266469
25966.2	0.252966
26386.1	0.240147
26812.9	0.227982
27246.6	0.216434
27687.3	0.205472
28135.1	0.195066
28590.2	0.18519
29052.6	0.175812
29522.5	0.166911
30000	0.15846
