10	41617.1
10.1617	42189.9
10.3261	42769.9
10.4931	43358.5
10.6628	44199.7
10.8353	45084.3
11.0106	45986.8
11.1886	46908.6
11.3696	47827.1
11.5535	48589.8
11.7404	49364.5
11.9303	50151.8
12.1232	50961.7
12.3193	51856.3
12.5186	52766.3
12.721	53693.3
12.9268	54583.2
13.1359	55131.4
13.3483	55685.7
13.5642	56245.2
13.7836	56810.2
14.0066	57380.6
14.2331	57957.5
14.4633	59012.4
14.6973	60150
14.935	61310.6
15.1765	62493.7
15.422	63699
15.6714	64928
15.9249	65943.4
16.1825	66793.9
16.4442	67655.8
16.7102	68528.2
16.9805	69411.9
17.2551	70307.6
17.5342	71284
17.8178	72305
18.106	73340.7
18.3989	74390.8
18.6964	75457.2
18.9988	76538
19.3061	77605.5
19.6184	78160.3
19.9357	78719.4
20.2582	79282.1
20.5858	79849.5
20.9188	80420.3
21.2571	80995.7
21.6009	80976.7
21.9503	80952.5
22.3053	80928.5
22.6661	80904.4
23.0327	80880.4
23.4053	80791.8
23.7838	80088
24.1685	79390.1
24.5594	78698.2
24.9566	78012.4
25.3603	76847.9
25.7705	75302.6
26.1873	73788.3
26.6109	72304.5
27.0413	70850.5
27.4786	69382.9
27.9231	67512.5
28.3747	65692.5
28.8337	63921.6
29.3	62198.3
29.7739	60521.5
30.2555	58890
30.7449	56946.6
31.2421	54892.2
31.7475	52912.4
32.2609	51003.5
32.7827	49163.7
33.313	47386.5
33.8518	45521.8
34.3993	43730.4
34.9557	42009.5
35.5211	40356.4
36.0956	38768.2
36.6794	36268.4
37.2727	33187.8
37.8755	30368.5
38.4882	27606.9
39.1107	24969.9
39.7433	22381.5
40.3861	20921.1
41.0393	20277.1
41.7031	20115
42.3776	20395.8
43.063	20975.6
43.7595	22582
44.4673	24629.9
45.1865	27211.7
45.9174	30064
46.66	33757.3
47.4147	37905.9
48.1816	42476.7
48.9609	47355.5
49.7528	52558.9
50.5576	57040.5
51.3753	61689
52.2062	62824
53.0506	63979.6
53.9087	64019.1
54.7806	64003.7
55.6667	63441.6
56.567	62799.9
57.482	61897.6
58.4117	60081.1
59.3564	58317.4
60.3165	56353.1
61.2921	54076.3
62.2834	51891
63.2908	49418.4
64.3145	46788.8
65.3547	44299.3
66.4118	42134.5
67.4859	40377.1
68.5775	38693.1
69.6867	37079.5
70.8138	35635.5
71.9592	34379.9
73.123	33168.3
74.3057	31999.6
75.5076	30872.4
76.7289	29784.5
77.9699	28735
79.231	27722.6
80.5125	26703.3
81.8147	25439.9
83.138	24236.2
84.4827	23089.6
85.8492	21997.1
87.2377	20956.3
88.6487	19964.8
90.0825	19020.2
91.5395	18120.3
93.0201	17262.9
94.5247	16752.8
96.0535	16284
97.6071	15828.3
99.1858	15385.3
100.79	14954.8
102.42	14607
104.077	14355.8
105.76	14109
107.471	13866.3
109.209	13670
110.975	13578
112.77	13486.6
114.594	13395.8
116.448	13368.2
118.331	13458.7
120.245	13549.8
122.19	13641.4
124.166	13733.8
126.175	13826.6
128.215	13920.3
130.289	14014.4
132.397	14116.5
134.538	14265.1
136.714	14415.3
138.925	14567
141.172	14720.3
143.456	14875.2
145.776	15031.8
148.134	15190
150.53	15347.6
152.964	15503.4
155.439	15660.5
157.953	15819.5
160.507	15980.1
163.103	16142.3
165.742	16260.5
168.422	16371.5
171.146	16483.4
173.915	16595.8
176.727	16674.5
179.586	16682.4
182.491	16690.2
185.442	16698.1
188.442	16706
191.49	16713.8
194.587	16721.7
197.734	16729.6
200.932	16737.5
204.182	16767.2
207.485	16798.2
210.84	16829.3
214.251	16860.3
217.716	16891.5
221.237	16922.8
224.816	16980.1
228.452	17012.2
232.147	17024.8
235.902	17037.3
239.717	17049.8
243.595	17062.3
247.535	17074.8
251.538	17087.5
255.607	17100
259.741	17112.6
263.942	17101.9
268.211	17086.6
272.549	17071.4
276.957	17014.2
281.437	16904.5
285.989	16763.4
290.615	16618.6
295.315	16474.6
300.092	16332
304.945	16190.9
309.878	16051.2
314.89	15912.4
319.983	15774.8
325.158	15638.7
330.418	15503.3
335.762	15369.1
341.192	15236.4
346.711	15104.9
352.319	14974.5
358.017	14844.9
363.808	14716.7
369.692	14589.6
375.672	14463.5
381.748	14338.6
387.922	14207.4
394.197	14061.2
400.573	13848.8
407.052	13613.3
413.635	13381.9
420.326	13154.7
427.124	12931.4
434.032	12711.3
441.052	12495.3
448.186	12293.2
455.435	12144.5
462.802	12032.5
470.287	11940.3
477.894	11848.9
485.623	11757.7
493.478	11667.2
501.459	11577.9
509.57	11489
517.812	11391.4
526.187	11261.7
534.698	11072.6
543.346	10856.9
552.134	10645.3
561.065	10431.4
570.14	10217.5
579.361	10000
588.732	9785.38
598.254	9574.19
607.93	9367.54
617.763	9165.4
627.755	8969.9
637.909	8805.87
648.226	8684.86
658.711	8591.72
669.365	8499.56
680.191	8351.75
691.193	8162.36
702.372	7958.13
713.733	7754.29
725.277	7552.41
737.008	7355.84
748.928	7164.34
761.042	6977.7
773.351	6794.69
785.859	6612.22
798.57	6431.21
811.486	6255.15
824.611	6083.85
837.949	5917.18
851.502	5753.34
865.274	5592.1
879.269	5433.67
893.491	5279.66
907.942	5129.99
922.628	4984.48
937.551	4837.78
952.715	4694.04
968.124	4553.39
983.783	4416.9
999.695	4284.01
1015.86	4154.61
1032.29	4025.48
1048.99	3899.37
1065.96	3776.2
1083.2	3656.84
1100.72	3541.21
1118.52	3429.2
1136.61	3320.6
1155	3215.42
1173.68	3113.51
1192.66	3014.79
1211.95	2919.14
1231.55	2826.42
1251.47	2736.02
1271.72	2647.78
1292.28	2561.47
1313.19	2477.9
1334.43	2397.02
1356.01	2318.71
1377.94	2242.89
1400.23	2169.55
1422.88	2098.59
1445.89	2029.82
1469.28	1963.2
1493.04	1898.64
1517.19	1835.51
1541.73	1774.4
1566.67	1715.31
1592.01	1658.1
1617.76	1602.78
1643.92	1549.3
1670.51	1497.56
1697.53	1447.5
1724.99	1399.1
1752.89	1351.55
1781.24	1305.35
1810.05	1260.49
1839.32	1217.16
1869.07	1175.32
1899.3	1134.95
1930.02	1095.9
1961.24	3071.93
1992.96	2962.37
2025.2	2856.72
2057.95	4036.79
2091.24	3884.82
2125.06	3738.58
2159.43	3597.81
2194.36	3462.36
2229.85	3332.05
2265.92	3206.67
2302.57	3086.08
2339.81	2970.01
2377.66	2858.32
2416.11	2750.95
2455.19	2647.66
2494.9	2953.95
2535.26	2836.98
2576.26	2724.65
2617.93	2616.81
2660.27	2513.39
2703.3	2414.02
2747.03	2318.72
2791.46	2227.25
2836.61	2276.63
2882.49	2188.73
2929.11	2104.24
2976.48	2023.15
3024.63	1945.22
3073.55	1953.19
3123.26	1879.85
3173.78	1809.15
3225.11	1740.88
3277.27	1675.04
3330.28	1611.61
3384.15	1550.44
3438.88	1491.42
3494.5	1434.56
3551.02	1379.73
3608.46	1326.98
3666.82	1276.12
3726.13	1227.12
3786.4	1179.92
3847.64	1134.44
3909.87	1090.68
3973.11	1048.55
4037.37	1007.97
4102.68	968.848
4169.03	931.238
4236.46	895.036
4304.99	860.183
4374.62	826.65
4445.37	794.365
4517.27	763.312
4590.34	733.431
4664.58	704.684
4740.03	677.031
4816.69	650.426
4894.6	624.837
4973.77	600.232
5054.21	576.565
5135.96	553.807
5219.03	531.928
5303.44	510.888
5389.22	490.659
5476.39	471.215
5564.97	452.525
5654.98	434.552
5746.44	417.283
5839.38	400.681
5933.83	384.729
6029.81	369.404
6127.33	354.67
6226.44	340.517
6327.15	326.915
6429.48	313.848
6533.48	301.289
6639.15	289.224
6746.53	277.637
6855.65	266.498
6966.54	255.805
7079.22	245.533
7193.72	235.66
7310.07	226.178
7428.31	217.077
7548.45	208.329
7670.54	199.934
7794.61	191.866
7920.68	184.123
8048.79	176.677
8178.97	169.531
8311.26	162.668
8445.69	156.08
8582.29	149.752
8721.11	143.679
8862.16	137.84
9005.5	132.238
9151.16	126.857
9299.17	121.693
9449.58	116.732
9602.42	111.971
9757.73	107.392
9915.55	103
10075.9	98.6845
10238.9	94.5473
10404.5	90.5796
10572.8	86.7753
10743.8	83.1277
10917.6	206.358
11094.2	197.241
11273.6	188.525
11455.9	180.194
11641.2	172.232
11829.5	164.623
12020.8	157.349
12215.3	150.398
12412.9	201.666
12613.6	193.128
12817.6	184.95
13025	203.799
13235.6	195.763
13449.7	188.02
13667.2	180.561
13888.3	173.377
14112.9	166.458
14341.2	159.799
14573.1	153.386
14808.9	147.219
15048.4	141.282
15291.8	135.573
15539.1	130.081
15790.4	124.799
16045.8	119.722
16305.4	114.843
16569.1	110.151
16837.1	105.643
17109.4	101.312
17386.1	97.15
17667.4	93.1535
17953.1	89.3138
18243.5	85.6272
18538.6	82.0872
18838.4	78.6879
19143.1	75.4251
19452.7	72.293
19767.4	69.2874
20087.1	66.4025
20412	63.6344
20742.1	60.9783
21077.6	58.4303
21418.5	55.9859
21765	53.6414
22117	51.3925
22474.7	49.2357
22838.2	47.1673
23207.6	45.1841
23583	43.2826
23964.4	41.4593
24352	39.7114
24745.9	38.0359
25146.1	36.4299
25552.9	34.8903
25966.2	33.4148
26386.1	32.0004
26812.9	30.6453
27246.6	29.3466
27687.3	28.1022
28135.1	26.9096
28590.2	25.7673
29052.6	24.6726
29522.5	23.6238
30000	22.6191
