10	1.15166e+06
10.1617	1.10572e+06
10.3261	1.06163e+06
10.4931	1.01929e+06
10.6628	978630
10.8353	939604
11.0106	902136
11.1886	866147
11.3696	831605
11.5535	798438
11.7404	766598
11.9303	736024
12.1232	706664
12.3193	677395
12.5186	647798
12.721	619485
12.9268	592419
13.1359	566533
13.3483	541492
13.5642	511013
13.7836	482250
14.0066	455110
14.2331	429489
14.4633	405313
14.6973	382504
14.935	360972
15.1765	340650
15.422	321477
15.6714	302967
15.9249	284549
16.1825	267251
16.4442	251001
16.7102	235292
16.9805	215467
17.2551	197309
17.5342	179737
17.8178	160171
18.106	142736
18.3989	125531
18.6964	110133
18.9988	98092
19.3061	87479
19.6184	77898.5
19.9357	69217
20.2582	61313.1
20.5858	53857.5
20.9188	47511.5
21.2571	42283.5
21.6009	37556.9
21.9503	33251.4
22.3053	29439.1
22.6661	26258.7
23.0327	23446.5
23.4053	21049.8
23.7838	19102.9
24.1685	17336.3
24.5594	15608.9
24.9566	13990.1
25.3603	12674
25.7705	11743.6
26.1873	10889.8
26.6109	10540
27.0413	10201.4
27.4786	10098.1
27.9231	10204.9
28.3747	10312.8
28.8337	10421.7
29.3	10650.5
29.7739	10891.7
30.2555	11138.3
30.7449	11403.3
31.2421	11696.8
31.7475	11997.7
32.2609	12306.6
32.7827	12623.2
33.313	12899
33.8518	13057.4
34.3993	13217.6
34.9557	13359
35.5211	13486.7
36.0956	13615.7
36.6794	13745.9
37.2727	13877.4
37.8755	14010.1
38.4882	14144
39.1107	14279.3
39.7433	14416
40.3861	14553.8
41.0393	14693
41.7031	14833.5
42.3776	14975.4
43.063	15118.6
43.7595	15233.4
44.4673	15332.6
45.1865	15432.4
45.9174	15532.8
46.66	15633.9
47.4147	15735.6
48.1816	15838
48.9609	15941.1
49.7528	16044.8
50.5576	16149.2
51.3753	16254.3
52.2062	16360.1
53.0506	16370.8
53.9087	16232.4
54.7806	16095.3
55.6667	15959.2
56.567	15824.4
57.482	15690.7
58.4117	15558.1
59.3564	15426.6
60.3165	15296.2
61.2921	15167
62.2834	15006.6
63.2908	14778.7
64.3145	14554.2
65.3547	14333.2
66.4118	14115.5
67.4859	13901.1
68.5775	13689.9
69.6867	13482
70.8138	13277.3
71.9592	13075.6
73.123	12877
74.3057	12681.4
75.5076	12488.8
76.7289	12299.1
77.9699	12088.8
79.231	11866.2
80.5125	11647.7
81.8147	11433.3
83.138	11222.8
84.4827	11016.2
85.8492	10813.4
87.2377	10614.3
88.6487	10418.9
90.0825	10227.1
91.5395	10038.8
93.0201	9853.97
94.5247	9672.57
96.0535	9462.17
97.6071	9212.67
99.1858	8969.75
100.79	8733.22
102.42	8502.93
104.077	8278.75
105.76	8060.44
107.471	7847.91
109.209	7640.96
110.975	7439.46
112.77	7207.87
114.594	6975.89
116.448	6751.41
118.331	6534.09
120.245	6323.79
122.19	6120.27
124.166	5923.28
126.175	5732.67
128.215	5548.12
130.289	5369.57
132.397	5196.78
134.538	5029.5
136.714	73296.8
138.925	73857
141.172	74421.2
143.456	74989.2
145.776	75562.4
148.134	76139.4
150.53	76721
152.964	77307.6
155.439	76980.2
157.953	76641.2
160.507	76303.9
163.103	75967.9
165.742	75633.1
168.422	75300.1
171.146	74011.4
173.915	72030.9
176.727	70103
179.586	68227
182.491	66401.3
185.442	67634.3
188.442	69011.6
191.49	70418.2
194.587	71852.1
197.734	73076.9
200.932	71337.7
204.182	69640
207.485	67983
210.84	66365.3
214.251	64682.1
217.716	62778.9
221.237	60931
224.816	59137.9
228.452	57397.6
232.147	55708.3
235.902	54166.9
239.717	52705.5
243.595	51283.7
247.535	49900.3
251.538	48553.9
255.607	47244.1
259.741	45969.5
263.942	44729.3
268.211	43522.7
272.549	42348.5
276.957	41206
281.437	40054.1
285.989	38785.2
290.615	37556.6
295.315	36366.9
300.092	35214.9
304.945	34099.3
309.878	33019.2
314.89	31973.2
319.983	30960.3
325.158	29979.6
330.418	29030
335.762	28110.3
341.192	27219.8
346.711	26357.6
352.319	25522.6
358.017	24714.1
363.808	23931.2
369.692	23173.1
375.672	22439.1
381.748	21728.3
387.922	21034.3
394.197	20346.5
400.573	19642.4
407.052	18947.8
413.635	18278.4
420.326	17632.4
427.124	17009.1
434.032	16407.6
441.052	15827.5
448.186	15265.7
455.435	14712.7
462.802	14171.9
470.287	13646.6
477.894	13140.4
485.623	12653.5
493.478	12184.8
501.459	11733.6
509.57	11298.7
517.812	10879
526.187	10471.9
534.698	10074.2
543.346	9688.8
552.134	9318.28
561.065	8941.9
570.14	8573.95
579.361	8237.17
588.732	7918.39
598.254	7614.85
607.93	7322.96
617.763	7042.22
627.755	6771.37
637.909	6500.99
648.226	6227.22
658.711	5956.03
669.365	5696.57
680.191	5463.23
691.193	5250.54
702.372	5049.23
713.733	4848.5
725.277	4651
737.008	4461.57
748.928	4279.84
761.042	4105.43
773.351	3937.28
785.859	3773.17
798.57	3613.65
811.486	3460.89
824.611	3314.56
837.949	3174.43
851.502	3040.55
865.274	2912.68
879.269	2790.5
893.491	2673.49
907.942	2561.36
922.628	2453.93
937.551	2350.64
952.715	2251.64
968.124	2156.75
983.783	2065.89
999.695	1978.88
1015.86	1895.56
1032.29	1815.86
1048.99	1738.92
1065.96	1664.63
1083.2	1593.49
1100.72	1525.43
1118.52	1460.28
1136.61	1397.88
1155	1338.17
1173.68	1281.02
1192.66	1226.27
1211.95	1173.86
1231.55	1123.67
1251.47	1075.75
1271.72	1029.95
1292.28	986.189
1313.19	944.283
1334.43	904.161
1356.01	865.739
1377.94	828.955
1400.23	793.737
1422.88	760.017
1445.89	727.721
1469.28	696.857
1493.04	667.368
1517.19	639.453
1541.73	612.746
1566.67	587.151
1592.01	562.632
1617.76	539.135
1643.92	516.612
1670.51	495.032
1697.53	474.356
1724.99	454.547
1752.89	435.155
1781.24	416.46
1810.05	398.474
1839.32	381.26
1869.07	364.79
1899.3	349.033
1930.02	333.954
1961.24	319.53
1992.96	305.73
2025.2	292.713
2057.95	279.824
2091.24	267.426
2125.06	255.52
2159.43	2632.85
2194.36	2533.52
2229.85	2437.35
2265.92	2344.33
2302.57	2254.38
2339.81	2167.36
2377.66	2083.23
2416.11	2001.99
2455.19	1923.51
2494.9	1847.75
2535.26	1774.65
2576.26	1704.16
2617.93	1636.15
2660.27	1570.68
2703.3	1507.45
2747.03	1446.59
2791.46	1387.95
2836.61	1331.51
2882.49	1277.18
2929.11	1224.85
2976.48	1174.54
3024.63	1126.16
3073.55	1079.68
3123.26	1034.89
3173.78	991.84
3225.11	950.499
3277.27	910.771
3330.28	872.595
3384.15	835.935
3438.88	800.718
3494.5	766.91
3551.02	734.458
3608.46	703.305
3666.82	673.404
3726.13	644.715
3786.4	617.189
3847.64	590.785
3909.87	565.46
3973.11	541.179
4037.37	517.897
4102.68	495.57
4169.03	474.171
4236.46	453.659
4304.99	433.995
4374.62	415.158
4445.37	397.107
4517.27	379.815
4590.34	363.254
4664.58	347.385
4740.03	332.192
4816.69	317.638
4894.6	303.707
4973.77	290.359
5054.21	277.588
5135.96	265.364
5219.03	253.663
5303.44	242.459
5389.22	231.738
5476.39	221.481
5564.97	211.662
5654.98	202.273
5746.44	193.284
5839.38	184.694
5933.83	176.468
6029.81	168.597
6127.33	161.081
6226.44	153.883
6327.15	147.006
6429.48	140.427
6533.48	134.13
6639.15	128.118
6746.53	122.365
6855.65	116.868
6966.54	111.618
7079.22	106.587
7193.72	101.788
7310.07	97.1988
7428.31	92.8121
7548.45	88.6192
7670.54	84.613
7794.61	80.7853
7920.68	77.1272
8048.79	73.6311
8178.97	70.2917
8311.26	67.1003
8445.69	64.0527
8582.29	61.14
8721.11	58.3584
8862.16	55.7005
9005.5	53.1624
9151.16	50.738
9299.17	48.4223
9449.58	46.2102
9602.42	44.098
9757.73	42.081
9915.55	40.1555
10075.9	38.3157
10238.9	36.5594
10404.5	34.882
10572.8	33.2805
10743.8	31.7513
10917.6	30.2916
11094.2	28.8977
11273.6	27.5669
11455.9	26.2963
11641.2	25.0837
11829.5	23.9261
12020.8	22.821
12215.3	21.7663
12412.9	20.7593
12613.6	19.7985
12817.6	18.8812
13025	18.006
13235.6	17.1704
13449.7	16.3731
13667.2	15.612
13888.3	14.886
14112.9	14.193
14341.2	13.5318
14573.1	12.9007
14808.9	12.2989
15048.4	11.7243
15291.8	11.1762
15539.1	10.6532
15790.4	10.1543
16045.8	9.67819
16305.4	9.22412
16569.1	8.79088
16837.1	8.37752
17109.4	7.98324
17386.1	7.60711
17667.4	7.24841
17953.1	6.90615
18243.5	6.57974
18538.6	6.26841
18838.4	5.97142
19143.1	5.68819
19452.7	5.41807
19767.4	5.16048
20087.1	4.91544
20412	4.68123
20742.1	4.45802
21077.6	4.24532
21418.5	4.04263
21765	3.84952
22117	3.66547
22474.7	3.49011
22838.2	3.32303
23207.6	3.16384
23583	3.01218
23964.4	2.86768
24352	2.73002
24745.9	2.59888
25146.1	2.47396
25552.9	2.35495
25966.2	2.24159
26386.1	2.1336
26812.9	2.03075
27246.6	1.93279
27687.3	1.83949
28135.1	1.75062
28590.2	1.66599
29052.6	1.58539
29522.5	1.50863
30000	1.43554
