10	6197.95
10.1617	6321.48
10.3261	6447.35
10.4931	6575.82
10.6628	6706.85
10.8353	6840.4
11.0106	6976.61
11.1886	7115.72
11.3696	7257.41
11.5535	7401.98
11.7404	7549.41
11.9303	7699.78
12.1232	7853.26
12.3193	7964.26
12.5186	8052.91
12.721	8142.69
12.9268	8233.32
13.1359	8324.99
13.3483	8417.77
13.5642	8511.53
13.7836	8593.5
14.0066	8644.44
14.2331	8695.75
14.4633	8747.38
14.6973	8858.73
14.935	8973.41
15.1765	9089.62
15.422	9207.24
15.6714	9326.43
15.9249	9447.11
16.1825	9569.36
16.4442	9709.91
16.7102	9866.36
16.9805	10025.3
17.2551	10186.9
17.5342	10377.4
17.8178	10767.4
18.106	11172
18.3989	11591.7
18.6964	12212.2
18.9988	13357.4
19.3061	14610
19.6184	16256.8
19.9357	19504.4
20.2582	23399.8
20.5858	28377.3
20.9188	35919.5
21.2571	43482.4
21.6009	50755.6
21.9503	59244.1
22.3053	69316.9
22.6661	81239.7
23.0327	94499.1
23.4053	108754
23.7838	124294
24.1685	141434
24.5594	151052
24.9566	156183
25.3603	161488
25.7705	163113
26.1873	163671
26.6109	164229
27.0413	163764
27.4786	158197
27.9231	152819
28.3747	147623
28.8337	142605
29.3	137757
29.7739	132651
30.2555	126884
30.7449	121368
31.2421	116090
31.7475	111044
32.2609	106216
32.7827	100520
33.313	94998.9
33.8518	89781.1
34.3993	84850.1
34.9557	80530.6
35.5211	76949.2
36.0956	73526.9
36.6794	70256.8
37.2727	67132.3
37.8755	64146.6
38.4882	61773.1
39.1107	59515.1
39.7433	57339.5
40.3861	55243.8
41.0393	53224.4
41.7031	51278.9
42.3776	49404.5
43.063	47843.1
43.7595	46672.4
44.4673	45530.4
45.1865	44416.3
45.9174	43329.6
46.66	42263.8
47.4147	41184.8
48.1816	40133.4
48.9609	39108.9
49.7528	38110.4
50.5576	37137.5
51.3753	36189.4
52.2062	35256.7
53.0506	34340.2
53.9087	33447.6
54.7806	32578.2
55.6667	31731.3
56.567	31016.9
57.482	30344.5
58.4117	29686.7
59.3564	29043.2
60.3165	28478.6
61.2921	27932
62.2834	27395.8
63.2908	26870
64.3145	26354.2
65.3547	25848.3
66.4118	25352.2
67.4859	24865.5
68.5775	24388.3
69.6867	23935.5
70.8138	23502.3
71.9592	23077
73.123	22659.4
74.3057	22249.4
75.5076	21846.8
76.7289	21451.4
77.9699	21063.2
79.231	20682.1
80.5125	20307.8
81.8147	19940.3
83.138	19579.5
84.4827	19149.7
85.8492	18725.7
87.2377	18311.2
88.6487	17905.8
90.0825	17509.4
91.5395	17121.8
93.0201	16742.7
94.5247	16372
96.0535	16009.6
97.6071	15655.2
99.1858	15308.6
100.79	14969.7
102.42	14638.2
104.077	14145.9
105.76	13621.7
107.471	13117
109.209	12630.8
110.975	12147.2
112.77	11662.2
114.594	11288.2
116.448	11108.8
118.331	10932.2
120.245	10904
122.19	11713.6
124.166	23601.7
126.175	60309.7
128.215	127570
130.289	125002
132.397	117899
134.538	106891
136.714	96911.4
138.925	87997.9
141.172	81188.5
143.456	74907.4
145.776	69110.3
148.134	63763
150.53	58828.9
152.964	54397.8
155.439	50366.4
157.953	46632.2
160.507	43174.5
163.103	39973.6
165.742	37011.1
168.422	34266.5
171.146	31726.1
173.915	29374.7
176.727	27196.6
179.586	25329.3
182.491	23931.7
185.442	22611.1
188.442	21363.5
191.49	20184.5
194.587	19070.8
197.734	18018.5
200.932	17024.1
204.182	16084.8
207.485	15244.6
210.84	14720.2
214.251	14214
217.716	13725.1
221.237	13253.1
224.816	12797.3
228.452	12357.2
232.147	11932.2
235.902	11521.8
239.717	11277.3
243.595	11096
247.535	10917.5
251.538	10741.9
255.607	10569.2
259.741	10399.2
263.942	10232
268.211	10067.5
272.549	9905.57
276.957	9802.65
281.437	9756.16
285.989	9709.9
290.615	9663.85
295.315	9618.05
300.092	9572.47
304.945	9527.1
309.878	9481.82
314.89	9436.86
319.983	9392.18
325.158	9347.6
330.418	9303.34
335.762	9259.16
341.192	9215.29
346.711	9171.61
352.319	9122.69
358.017	9037.41
363.808	8952.99
369.692	8869.29
375.672	8786.36
381.748	8704.21
387.922	8622.8
394.197	8442.84
400.573	8260.41
407.052	8081.86
413.635	7907.18
420.326	7736.29
427.124	7569.09
434.032	7405.59
441.052	7275.64
448.186	7147.89
455.435	7022.42
462.802	6899.14
470.287	6778.06
477.894	6659.03
485.623	6542.12
493.478	6427.32
501.459	6314.45
509.57	6192.75
517.812	6066.14
526.187	5939.05
534.698	5809.23
543.346	5679.6
552.134	5552.94
561.065	5425.66
570.14	5299.66
579.361	5176.26
588.732	5055.63
598.254	4937.82
607.93	4822.81
617.763	4710.44
627.755	4600.43
637.909	4489.71
648.226	4377
658.711	4264.06
669.365	4154.02
680.191	4052.78
691.193	3958.48
702.372	3866.85
713.733	3770.44
725.277	3671.76
737.008	3575.65
748.928	3482.05
761.042	3390.83
773.351	3301.44
785.859	3212.46
798.57	3124.31
811.486	3038.6
824.611	2955.21
837.949	2874.08
851.502	2794.65
865.274	2716.71
879.269	2640.34
893.491	2566.15
907.942	2494.06
922.628	2424.02
937.551	2354.33
952.715	2286.31
968.124	2219.96
983.783	2155.47
999.695	2092.87
1015.86	2032.08
1032.29	7975.88
1048.99	7859.66
1065.96	7745.17
1083.2	7632.28
1100.72	7521.05
1118.52	7411.43
1136.61	7303.39
1155	7196.94
1173.68	7092.05
1192.66	6988.7
1211.95	6886.84
1231.55	6786.53
1251.47	6687.62
1271.72	6590.11
1292.28	6494.04
1313.19	6399.42
1334.43	6306.17
1356.01	6214.18
1377.94	6123.65
1400.23	6034.42
1422.88	5946.46
1445.89	5859.8
1469.28	5761.58
1493.04	5645.77
1517.19	5453.58
1541.73	5257.33
1566.67	5068.13
1592.01	4885.75
1617.76	4757.64
1643.92	4725.15
1670.51	4576.78
1697.53	4412.83
1724.99	4254.77
1752.89	4100.13
1781.24	3950.34
1810.05	3805.42
1839.32	3665.84
1869.07	3531.41
1899.3	3401.9
1930.02	3277.14
1961.24	3156.98
1992.96	3041.22
2025.2	2931.14
2057.95	2822.14
2091.24	2716.9
2125.06	2615.34
2159.43	2517.31
2194.36	2422.82
2229.85	2331.64
2265.92	2243.76
2302.57	2158.99
2339.81	2077.26
2377.66	1998.53
2416.11	1922.63
2455.19	1849.52
2494.9	1779
2535.26	1711.15
2576.26	1645.78
2617.93	1582.79
2660.27	1522.1
2703.3	1463.66
2747.03	1407.46
2791.46	1353.32
2836.61	1301.18
2882.49	1251.06
2929.11	1202.74
2976.48	1156.22
3024.63	1111.53
3073.55	1068.48
3123.26	1027.04
3173.78	987.204
3225.11	948.871
3277.27	911.989
3330.28	876.516
3384.15	842.385
3438.88	809.556
3494.5	777.984
3551.02	747.619
3608.46	718.418
3666.82	690.333
3726.13	663.324
3786.4	637.359
3847.64	612.39
3909.87	588.373
3973.11	565.29
4037.37	543.098
4102.68	521.761
4169.03	501.241
4236.46	481.524
4304.99	462.561
4374.62	444.334
4445.37	426.815
4517.27	409.971
4590.34	393.779
4664.58	378.222
4740.03	363.263
4816.69	348.884
4894.6	335.07
4973.77	321.785
5054.21	309.022
5135.96	296.751
5219.03	284.959
5303.44	273.621
5389.22	262.73
5476.39	252.261
5564.97	242.202
5654.98	232.533
5746.44	223.246
5839.38	214.318
5933.83	205.731
6029.81	197.484
6127.33	189.563
6226.44	181.948
6327.15	174.632
6429.48	167.597
6533.48	465.352
6639.15	444.589
6746.53	424.748
6855.65	405.791
6966.54	387.687
7079.22	546.737
7193.72	511.356
7310.07	478.256
7428.31	523.172
7548.45	501.86
7670.54	481.401
7794.61	461.75
7920.68	442.866
8048.79	424.715
8178.97	407.282
8311.26	390.537
8445.69	374.46
8582.29	359.022
8721.11	344.198
8862.16	329.968
9005.5	316.311
9151.16	303.197
9299.17	290.613
9449.58	278.534
9602.42	266.951
9757.73	255.831
9915.55	248.118
10075.9	237.762
10238.9	227.832
10404.5	218.305
10572.8	209.169
10743.8	200.407
10917.6	192.006
11094.2	183.95
11273.6	176.225
11455.9	168.818
11641.2	161.719
11829.5	154.913
12020.8	148.388
12215.3	142.136
12412.9	136.141
12613.6	130.397
12817.6	124.892
13025	119.617
13235.6	114.56
13449.7	109.715
13667.2	105.072
13888.3	100.625
14112.9	96.3626
14341.2	92.2796
14573.1	88.3668
14808.9	84.6199
15048.4	81.0291
15291.8	77.5895
15539.1	74.2943
15790.4	71.1377
16045.8	68.1144
16305.4	65.2189
16569.1	62.4449
16837.1	59.7881
17109.4	57.2432
17386.1	54.8059
17667.4	52.472
17953.1	50.236
18243.5	48.0951
18538.6	46.0446
18838.4	44.0806
19143.1	42.1999
19452.7	40.3987
19767.4	38.6742
20087.1	37.0224
20412	35.4408
20742.1	33.9259
21077.6	32.4755
21418.5	31.0865
21765	29.7567
22117	28.483
22474.7	27.2634
22838.2	26.0956
23207.6	24.9773
23583	23.9067
23964.4	22.8812
24352	21.8995
24745.9	20.9594
25146.1	20.0594
25552.9	19.1975
25966.2	18.3721
26386.1	17.5818
26812.9	16.8251
27246.6	16.1006
27687.3	15.4068
28135.1	14.7426
28590.2	14.1066
29052.6	13.4975
29522.5	12.9144
30000	12.356
