10	98744.8
10.1617	97769
10.3261	96802.4
10.4931	95845.7
10.6628	94898.4
10.8353	94437.6
11.0106	94159.7
11.1886	93883.6
11.3696	93607.4
11.5535	93332.3
11.7404	92492
11.9303	91522.7
12.1232	90563.8
12.3193	89614.8
12.5186	88675.6
12.721	86993.1
12.9268	85090.3
13.1359	83229.2
13.3483	81408.6
13.5642	79626.2
13.7836	77795.9
14.0066	76007.7
14.2331	74260.2
14.4633	72553.3
14.6973	70885.5
14.935	69397.1
15.1765	67947.7
15.422	66528.6
15.6714	65139.1
15.9249	63778.8
16.1825	62446.8
16.4442	61148.6
16.7102	59917.3
16.9805	58710.8
17.2551	57528.3
17.5342	56369.9
17.8178	54483.7
18.106	52230.1
18.3989	50070
18.6964	47998.5
18.9988	45996.5
19.3061	44044.6
19.6184	42175.5
19.9357	40385.7
20.2582	38672
20.5858	36808.7
20.9188	34995.5
21.2571	33271.2
21.6009	31518
21.9503	29063.7
22.3053	26800.2
22.6661	24713.4
23.0327	22951.1
23.4053	21413.3
23.7838	19978.2
24.1685	18602.6
24.5594	17277.4
24.9566	16046.6
25.3603	15005.5
25.7705	14085.2
26.1873	13221.4
26.6109	12908.4
27.0413	12674
27.4786	12358.6
27.9231	11930.8
28.3747	11699.3
28.8337	11791.7
29.3	11898.7
29.7739	12156.5
30.2555	12419.9
30.7449	15080.6
31.2421	21603.6
31.7475	30618.5
32.2609	32195.4
32.7827	33649.9
33.313	34960.8
33.8518	36318.9
34.3993	36394.6
34.9557	36470.3
35.5211	36386.9
36.0956	35991.7
36.6794	35600.7
37.2727	35213.2
37.8755	34829.8
38.4882	34450.6
39.1107	34672.2
39.7433	34988
40.3861	35306.3
41.0393	35864
41.7031	36737.1
42.3776	37631.5
43.063	38551.2
43.7595	40300.9
44.4673	42129.9
45.1865	44042
45.9174	46073.5
46.66	48226.9
47.4147	50480.2
48.1816	52838.9
48.9609	55307.7
49.7528	56989.8
50.5576	58661.2
51.3753	60381.9
52.2062	62153.2
53.0506	63976.1
53.9087	65852.6
54.7806	67055.3
55.6667	68278.4
56.567	69523.9
57.482	70792.2
58.4117	71711.5
59.3564	72146.1
60.3165	72583.5
61.2921	73023.3
62.2834	73465.9
63.2908	73911
64.3145	74359.1
65.3547	74809.6
66.4118	75262.9
67.4859	75719.3
68.5775	75732.2
69.6867	74967.7
70.8138	74210.5
71.9592	73461
73.123	72719.2
74.3057	71984.9
75.5076	71257.6
76.7289	70538.2
77.9699	69825.9
79.231	69120.7
80.5125	68154.1
81.8147	66975
83.138	65816.2
84.4827	64677.6
85.8492	63558.5
87.2377	62458.8
88.6487	61173.3
90.0825	58445.4
91.5395	55838.9
93.0201	53388.3
94.5247	51288.8
96.0535	49271.8
97.6071	47334
99.1858	44836.4
100.79	42035.8
102.42	39410.5
104.077	37369
105.76	35552.7
107.471	33825.5
109.209	32181.5
110.975	30617.6
112.77	29129.7
114.594	27310.4
116.448	25406.2
118.331	23634.2
120.245	21985.8
122.19	20452.7
124.166	19418.8
126.175	18651.2
128.215	17913.7
130.289	17205.5
132.397	16525.4
134.538	15872.1
136.714	15244.6
138.925	14641.9
141.172	14063
143.456	13223.7
145.776	12284
148.134	11411.2
150.53	10600.3
152.964	9846.92
155.439	9147.43
157.953	8505.29
160.507	7953.54
163.103	7437.68
165.742	6955.42
168.422	6504.2
171.146	6082.35
173.915	5687.96
176.727	5318.99
179.586	5121.69
182.491	4947.04
185.442	4778.33
188.442	4611.63
191.49	4429.55
194.587	4254.71
197.734	4086.73
200.932	3938.44
204.182	3803.88
207.485	3701.54
210.84	3650.9
214.251	3629.92
217.716	3644.21
221.237	3658.57
224.816	3706.48
228.452	3802.17
232.147	3900.31
235.902	4087.14
239.717	4290.91
243.595	4509.81
247.535	4739.93
251.538	4981.87
255.607	5255.81
259.741	5552.33
263.942	5865.56
268.211	6196.46
272.549	6550.11
276.957	6933.57
281.437	7339.41
285.989	7769.06
290.615	8149.48
295.315	8532
300.092	8932.36
304.945	9351.65
309.878	9682.37
314.89	9994.41
319.983	10316.6
325.158	10649.1
330.418	10946.2
335.762	11175.7
341.192	11409.9
346.711	11649.1
352.319	11893.2
358.017	12142.6
363.808	12330.3
369.692	12510.3
375.672	12692.8
381.748	12878.1
387.922	13066.1
394.197	13256.7
400.573	13450.2
407.052	13642.5
413.635	13767.2
420.326	13892.8
427.124	14019.7
434.032	14147.7
441.052	14277
448.186	14407.3
455.435	14515.7
462.802	14530.1
470.287	14544.5
477.894	14559
485.623	14573.4
493.478	14547
501.459	14414
509.57	14282.2
517.812	14151.6
526.187	14022.2
534.698	13780.4
543.346	13534.1
552.134	13292.1
561.065	13054.5
570.14	12821.1
579.361	12540.6
588.732	12207.5
598.254	11883.3
607.93	11567.6
617.763	11256
627.755	10944.2
637.909	10640.9
648.226	10362.9
658.711	10128.6
669.365	9902.85
680.191	9691.67
691.193	9494.21
702.372	9318.45
713.733	9217.29
725.277	9166.51
737.008	9115.99
748.928	9065.75
761.042	9013.42
773.351	8936.37
785.859	8780.18
798.57	8562.14
811.486	8349.58
824.611	8142.27
837.949	7940.09
851.502	7739.11
865.274	7538.39
879.269	7338.68
893.491	7144.3
907.942	6955.01
922.628	6770.73
937.551	6627.71
952.715	6497.4
968.124	6378
983.783	6260.78
999.695	6139.6
1015.86	6014.34
1032.29	5831.13
1048.99	5651.57
1065.96	5475.99
1083.2	5305.7
1100.72	5140.67
1118.52	4980.71
1136.61	4825.61
1155	4675.35
1173.68	4529.7
1192.66	4388.5
1211.95	4251.63
1231.55	4118.95
1251.47	3990.29
1271.72	3865.62
1292.28	3744.79
1313.19	3627.67
1334.43	3514.14
1356.01	3404.05
1377.94	3297.35
1400.23	3193.95
1422.88	3093.74
1445.89	2996.55
1469.28	2901.91
1493.04	2809.47
1517.19	2717.16
1541.73	2627.44
1566.67	2540.6
1592.01	2456.53
1617.76	2375.21
1643.92	2296.57
1670.51	2220.43
1697.53	2146.76
1724.99	2075.48
1752.89	2004.9
1781.24	1936.17
1810.05	1869.4
1839.32	1804.82
1869.07	1742.44
1899.3	1682.2
1930.02	1624.04
1961.24	1567.84
1992.96	1513.48
2025.2	1461.88
2057.95	1410.28
2091.24	1360.18
2125.06	1311.71
2159.43	1264.68
2194.36	1219.23
2229.85	1175.14
2265.92	1132.48
2302.57	1091.19
2339.81	1051.21
2377.66	1012.55
2416.11	975.112
2455.19	938.894
2494.9	903.877
2535.26	870.002
2576.26	837.243
2617.93	805.577
2660.27	774.976
2703.3	1966.4
2747.03	1888.81
2791.46	1814.32
2836.61	2528.14
2882.49	2428.1
2929.11	2332.01
2976.48	2239.81
3024.63	2151.3
3073.55	2066.41
3123.26	1984.92
3173.78	1906.71
3225.11	1831.56
3277.27	1759.48
3330.28	1963.63
3384.15	1886.75
3438.88	1812.94
3494.5	1742.03
3551.02	1674.03
3608.46	1608.72
3666.82	1545.98
3726.13	1485.73
3786.4	1427.93
3847.64	1372.42
3909.87	1398.83
3973.11	1344
4037.37	1291.31
4102.68	1240.69
4169.03	1241.96
4236.46	1195.29
4304.99	1150.18
4374.62	1106.6
4445.37	1064.62
4517.27	1024.14
4590.34	985.086
4664.58	947.391
4740.03	911.039
4816.69	876.022
4894.6	842.28
4973.77	809.757
5054.21	778.431
5135.96	748.253
5219.03	719.184
5303.44	691.187
5389.22	664.234
5476.39	638.286
5564.97	613.309
5654.98	589.267
5746.44	566.133
5839.38	543.877
5933.83	522.464
6029.81	501.865
6127.33	482.047
6226.44	462.989
6327.15	444.671
6429.48	427.045
6533.48	410.103
6639.15	393.817
6746.53	378.163
6855.65	363.12
6966.54	348.659
7079.22	334.754
7193.72	321.406
7310.07	308.57
7428.31	296.24
7548.45	284.4
7670.54	273.026
7794.61	262.096
7920.68	251.597
8048.79	241.513
8178.97	231.83
8311.26	222.528
8445.69	213.596
8582.29	205.023
8721.11	196.784
8862.16	188.879
9005.5	181.283
9151.16	173.995
9299.17	166.998
9449.58	160.277
9602.42	153.824
9757.73	147.636
9915.55	141.69
10075.9	135.663
10238.9	129.903
10404.5	124.396
10572.8	119.133
10743.8	114.103
10917.6	109.298
11094.2	104.707
11273.6	100.321
11455.9	96.1314
11641.2	92.1309
11829.5	88.3105
12020.8	84.6623
12215.3	81.1799
12412.9	77.8541
12613.6	74.68
12817.6	71.65
13025	68.7587
13235.6	65.9978
13449.7	63.3638
13667.2	60.8495
13888.3	147.79
14112.9	141.476
14341.2	135.432
14573.1	129.646
14808.9	124.109
15048.4	118.807
15291.8	113.732
15539.1	108.873
15790.4	104.222
16045.8	99.77
16305.4	133.576
16569.1	128.462
16837.1	123.543
17109.4	134.241
17386.1	129.205
17667.4	124.332
17953.1	119.615
18243.5	115.054
18538.6	110.645
18838.4	106.383
19143.1	102.267
19452.7	98.2921
19767.4	94.4559
20087.1	90.7536
20412	87.1825
20742.1	83.7383
21077.6	80.4184
21418.5	77.2186
21765	74.136
22117	71.1663
22474.7	68.3066
22838.2	65.5533
23207.6	62.9034
23583	60.3534
23964.4	57.8999
24352	55.5399
24745.9	53.2705
25146.1	51.0885
25552.9	48.9908
25966.2	46.9746
26386.1	45.037
26812.9	43.1755
27246.6	41.3874
27687.3	39.6699
28135.1	38.0204
28590.2	36.4368
29052.6	34.9163
29522.5	33.4569
30000	32.0561
