10	37723.2
10.1617	36867
10.3261	36030.4
10.4931	35212.4
10.6628	34413.1
10.8353	33632.2
11.0106	32868.9
11.1886	32122.7
11.3696	31393.7
11.5535	30681.1
11.7404	29984.7
11.9303	29291.2
12.1232	28577.8
12.3193	27882
12.5186	27203.3
12.721	26540.9
12.9268	25894.7
13.1359	25109.5
13.3483	24319.3
13.5642	23554.3
13.7836	22813.2
14.0066	21650.4
14.2331	20895.1
14.4633	20166.3
14.6973	19463.2
14.935	18695
15.1765	17910.9
15.422	17160
15.6714	16440.3
15.9249	15751
16.1825	15090.6
16.4442	14477.8
16.7102	13905.7
16.9805	13356.3
17.2551	12828.5
17.5342	12321.6
17.8178	11834.7
18.106	11367.1
18.3989	10918
18.6964	10541.3
18.9988	10197.7
19.3061	9872.39
19.6184	9900.08
19.9357	10185.2
20.2582	11748.6
20.5858	16410.5
20.9188	20622
21.2571	23666.6
21.6009	24792.5
21.9503	24267.3
22.3053	23947.3
22.6661	24414.7
23.0327	26256.8
23.4053	29612.2
23.7838	35368
24.1685	52808.8
24.5594	148372
24.9566	169211
25.3603	176866
25.7705	178371
26.1873	179593
26.6109	179513
27.0413	176800
27.4786	173555
27.9231	170368
28.3747	167240
28.8337	164170
29.3	156500
29.7739	149097
30.2555	142045
30.7449	135327
31.2421	128926
31.7475	122387
32.2609	116099
32.7827	110136
33.313	104478
33.8518	99111.1
34.3993	94020.2
34.9557	89190.4
35.5211	84609.1
36.0956	80262.7
36.6794	76139.6
37.2727	72228.6
37.8755	68518.1
38.4882	64998.8
39.1107	61659.9
39.7433	58492.2
40.3861	55487.8
41.0393	52741.6
41.7031	50163.2
42.3776	47710.8
43.063	45378.3
43.7595	43159.8
44.4673	41049.8
45.1865	39043
45.9174	37134.3
46.66	35318.8
47.4147	33645.2
48.1816	32227.1
48.9609	30868.7
49.7528	29567.5
50.5576	28321.3
51.3753	27127.6
52.2062	25984.1
53.0506	24888.9
53.9087	23839.8
54.7806	23060.2
55.6667	22347.2
56.567	21656.1
57.482	20986.4
58.4117	20337.4
59.3564	19708.5
60.3165	19099
61.2921	18474.7
62.2834	17858.1
63.2908	17262.1
64.3145	16685.9
65.3547	16129.1
66.4118	15705
67.4859	15307
68.5775	14919.1
69.6867	14541
70.8138	14172.5
71.9592	13813.3
73.123	13535.2
74.3057	13305.8
75.5076	13080.2
76.7289	12858.5
77.9699	12640.5
79.231	12426.2
80.5125	12215.6
81.8147	12008.5
83.138	11753.4
84.4827	11467.4
85.8492	11188.5
87.2377	10916.3
88.6487	10650.7
90.0825	10410
91.5395	10229.8
93.0201	10052.6
94.5247	9878.55
96.0535	9707.52
97.6071	9539.45
99.1858	9374.28
100.79	9211.94
102.42	9052.46
104.077	8895.72
105.76	8766.39
107.471	8936.85
109.209	20891.4
110.975	19957
112.77	18797.2
114.594	21940.4
116.448	25775
118.331	30593.6
120.245	54474.1
122.19	107808
124.166	186869
126.175	183978
128.215	156474
130.289	129749
132.397	113665
134.538	99567.3
136.714	88957.5
138.925	79940.3
141.172	71838.1
143.456	64558.6
145.776	58452
148.134	52956.6
150.53	47977.6
152.964	43427.5
155.439	38228.1
157.953	33649.7
160.507	29659.3
163.103	26496.7
165.742	23672.2
168.422	21154
171.146	19028.5
173.915	17117.1
176.727	15396.8
179.586	13546.8
182.491	12047.9
185.442	10966.4
188.442	10189.8
191.49	9491.23
194.587	8791.4
197.734	8117.31
200.932	7494.92
204.182	7150.23
207.485	6984.61
210.84	6822.79
214.251	6664.75
217.716	6644.42
221.237	6669.9
224.816	6695.5
228.452	6734.78
232.147	6774.29
235.902	6814.01
239.717	6854
243.595	6894.17
247.535	6934.6
251.538	6975.31
255.607	7016.19
259.741	7057.36
263.942	7098.75
268.211	7145.37
272.549	7200.11
276.957	7255.28
281.437	7310.85
285.989	7366.84
290.615	7423.63
295.315	7518.76
300.092	7615.08
304.945	7712.67
309.878	7811.44
314.89	7911.53
319.983	7964.1
325.158	7993.81
330.418	8023.58
335.762	8053.51
341.192	8083.55
346.711	8019.36
352.319	7952.57
358.017	7886.34
363.808	7820.65
369.692	7755.51
375.672	7690.91
381.748	7619.4
387.922	7530.3
394.197	7442.22
400.573	7355.19
407.052	7269.16
413.635	7184.15
420.326	7100.13
427.124	7017.07
434.032	6886.39
441.052	6757.41
448.186	6630.86
455.435	6506.68
462.802	6384.83
470.287	6265.26
477.894	6147.93
485.623	6032.79
493.478	5919.81
501.459	5808.81
509.57	5699.89
517.812	5593.02
526.187	5488.14
534.698	5385.25
543.346	5284.27
552.134	5185.19
561.065	5087.97
570.14	4968.6
579.361	4821.04
588.732	4677.86
598.254	4538.93
607.93	4404.13
617.763	4273.33
627.755	4146.42
637.909	4030.1
648.226	3918.72
658.711	3810.42
669.365	3705.12
680.191	3602.72
691.193	3503.16
702.372	3406.34
713.733	3312.21
725.277	3203.57
737.008	3091.97
748.928	2984.25
761.042	2880.29
773.351	2779.94
785.859	2683.09
798.57	2589.62
811.486	2499.41
824.611	2412.33
837.949	2328.29
851.502	2249.73
865.274	2175.77
879.269	2104.23
893.491	2035.05
907.942	1968.14
922.628	1903.43
937.551	10758.1
952.715	10513.9
968.124	10275.3
983.783	10042.2
999.695	9814.28
1015.86	9591.53
1032.29	9373.86
1048.99	9161.12
1065.96	8900.5
1083.2	8573.38
1100.72	8258.3
1118.52	7954.73
1136.61	7662.35
1155	7380.79
1173.68	7109.5
1192.66	6848.18
1211.95	6596.52
1231.55	6354.08
1251.47	6163.79
1271.72	6025.87
1292.28	5948.04
1313.19	5871.24
1334.43	5795.42
1356.01	5720.54
1377.94	5646.63
1400.23	5573.68
1422.88	5501.71
1445.89	5430.63
1469.28	5348.46
1493.04	5249.45
1517.19	5212.15
1541.73	5126.3
1566.67	4940.67
1592.01	4761.71
1617.76	4589.26
1643.92	4422.98
1670.51	4262.81
1697.53	4108.43
1724.99	3959.63
1752.89	3813.53
1781.24	3671.96
1810.05	3534.98
1839.32	3403.06
1869.07	3276.07
1899.3	3153.87
1930.02	3036.22
1961.24	2922.96
1992.96	2813.88
2025.2	2710.18
2057.95	2607.96
2091.24	2509.29
2125.06	2414.23
2159.43	2322.62
2194.36	2234.28
2229.85	2149.17
2265.92	2067.21
2302.57	1988.25
2339.81	1912.18
2377.66	1838.86
2416.11	1768.36
2455.19	1700.38
2494.9	1635.03
2535.26	1572.06
2576.26	1511.48
2617.93	1453.12
2660.27	1397.04
2703.3	1342.99
2747.03	1290.98
2791.46	1240.96
2836.61	1192.87
2882.49	1146.59
2929.11	1102.05
2976.48	1059.2
3024.63	1018.02
3073.55	978.393
3123.26	940.274
3173.78	903.634
3225.11	868.396
3277.27	834.514
3330.28	801.934
3384.15	770.606
3438.88	740.489
3494.5	711.536
3551.02	683.701
3608.46	656.94
3666.82	631.217
3726.13	606.486
3786.4	582.724
3847.64	559.872
3909.87	537.907
3973.11	516.801
4037.37	496.514
4102.68	477.024
4169.03	458.281
4236.46	440.275
4304.99	422.965
4374.62	406.326
4445.37	390.337
4517.27	374.976
4590.34	360.214
4664.58	346.025
4740.03	332.39
4816.69	319.293
4894.6	306.704
4973.77	294.602
5054.21	282.973
5135.96	271.803
5219.03	261.066
5303.44	250.751
5389.22	240.836
5476.39	231.314
5564.97	222.163
5654.98	213.369
5746.44	204.915
5839.38	196.794
5933.83	188.991
6029.81	530.536
6127.33	506.363
6226.44	483.283
6327.15	461.258
6429.48	440.237
6533.48	585.386
6639.15	560.092
6746.53	535.894
6855.65	580.5
6966.54	558.658
7079.22	537.512
7193.72	517.051
7310.07	497.277
7428.31	478.151
7548.45	459.672
7670.54	441.821
7794.61	424.587
7920.68	407.954
8048.79	391.9
8178.97	376.415
8311.26	361.487
8445.69	347.103
8582.29	333.229
8721.11	319.863
8862.16	306.997
9005.5	294.607
9151.16	282.673
9299.17	271.188
9449.58	260.143
9602.42	249.518
9757.73	239.292
9915.55	229.473
10075.9	220.022
10238.9	210.94
10404.5	202.211
10572.8	193.824
10743.8	185.767
10917.6	178.029
11094.2	170.597
11273.6	163.46
11455.9	156.607
11641.2	150.031
11829.5	143.72
12020.8	137.662
12215.3	131.852
12412.9	126.275
12613.6	120.928
12817.6	115.798
13025	110.88
13235.6	106.162
13449.7	101.64
13667.2	97.3037
13888.3	93.1479
14112.9	89.1641
14341.2	85.3467
14573.1	81.6876
14808.9	78.1828
15048.4	74.824
15291.8	71.6062
15539.1	68.5236
15790.4	65.5708
16045.8	62.743
16305.4	60.0351
16569.1	57.4415
16837.1	54.9582
17109.4	52.5802
17386.1	50.3032
17667.4	48.1241
17953.1	46.0374
18243.5	44.0402
18538.6	42.1285
18838.4	40.2985
19143.1	38.5474
19452.7	36.8713
19767.4	35.2677
20087.1	33.733
20412	32.2644
20742.1	30.8592
21077.6	29.5148
21418.5	28.2287
21765	26.9983
22117	25.8211
22474.7	24.6951
22838.2	23.6179
23207.6	22.5875
23583	21.6022
23964.4	20.6595
24352	19.758
24745.9	18.8958
25146.1	18.0713
25552.9	17.2827
25966.2	16.5286
26386.1	15.8073
26812.9	15.1177
27246.6	14.4582
27687.3	13.8276
28135.1	13.2247
28590.2	12.6481
29052.6	12.0968
29522.5	11.5697
30000	11.0658
