10	774.714
10.1617	820.538
10.3261	869.039
10.4931	920.432
10.6628	974.866
10.8353	1032.49
11.0106	1093.52
11.1886	1158.22
11.3696	1226.69
11.5535	1305.53
11.7404	1420.17
11.9303	1534.76
12.1232	1628.36
12.3193	1727.6
12.5186	1832.88
12.721	1963.1
12.9268	2102.63
13.1359	2256.47
13.3483	2480.12
13.5642	2725.86
13.7836	2946.3
14.0066	3166.28
14.2331	3419.04
14.4633	3990.61
14.6973	4386.27
14.935	4915.04
15.1765	5528.99
15.422	6128.32
15.6714	7147.32
15.9249	9049.33
16.1825	11789.9
16.4442	17195.1
16.7102	24730.2
16.9805	33688.4
17.2551	41389.1
17.5342	49441.8
17.8178	57872.1
18.106	65150.4
18.3989	73343
18.6964	77609.6
18.9988	82101.9
19.3061	86853.8
19.6184	88711.4
19.9357	90219.8
20.2582	91398.3
20.5858	92366.5
20.9188	93343.3
21.2571	93413.2
21.6009	92995.1
21.9503	92579.1
22.3053	91496.2
22.6661	90264.1
23.0327	89048.8
23.4053	87850.1
23.7838	86715.7
24.1685	85653.5
24.5594	84604
24.9566	83567
25.3603	82542.9
25.7705	81378.6
26.1873	79354
26.6109	77380.2
27.0413	75456
27.4786	73578.7
27.9231	71300.4
28.3747	67825.1
28.8337	64519.8
29.3	61375
29.7739	58234.3
30.2555	54155.1
30.7449	50361.8
31.2421	46833.5
31.7475	43553.2
32.2609	40611.9
32.7827	38207
33.313	35944.6
33.8518	33816
34.3993	31813.4
34.9557	29929.6
35.5211	28157.3
36.0956	26489.8
36.6794	24921.1
37.2727	23442.2
37.8755	21976.3
38.4882	20602.2
39.1107	19314
39.7433	18106.1
40.3861	16974.1
41.0393	15912.7
41.7031	14917.7
42.3776	13984.8
43.063	13107.7
43.7595	12236
44.4673	11422.3
45.1865	10662.6
45.9174	9953.58
46.66	9291.6
47.4147	8673.67
48.1816	8096.85
48.9609	7528.75
49.7528	6978.05
50.5576	6467.7
51.3753	5994.63
52.2062	5561.94
53.0506	5252.87
53.9087	4960.97
54.7806	4643.95
55.6667	4219.12
56.567	3949.32
57.482	3788.17
58.4117	3633.57
59.3564	3524.24
60.3165	3461.2
61.2921	3425.57
62.2834	3506.24
63.2908	3638.94
64.3145	3906.56
65.3547	4331.49
66.4118	4920.78
67.4859	5926.93
68.5775	7138.59
69.6867	8598.09
70.8138	10356
71.9592	12558.2
73.123	18454.7
74.3057	27120.6
75.5076	39855.5
76.7289	58707.7
77.9699	69046.3
79.231	76501.8
80.5125	79518.9
81.8147	82655
83.138	85914.7
84.4827	88200.2
85.8492	89118.8
87.2377	90047.1
88.6487	90192.9
90.0825	89200.4
91.5395	88219
93.0201	87248.3
94.5247	85770.1
96.0535	82786.9
97.6071	79907.2
99.1858	77127.8
100.79	74444.9
102.42	71855.1
104.077	68319.3
105.76	64663.9
107.471	61205
109.209	57930.3
110.975	54830.7
112.77	51897.2
114.594	49120.9
116.448	46493.6
118.331	44005.7
120.245	41203.1
122.19	38563.3
124.166	36092.2
126.175	33780.5
128.215	31615.4
130.289	29590
132.397	27694.7
134.538	25920
136.714	24130.9
138.925	22448.5
141.172	20883.7
143.456	19428.2
145.776	18073.8
148.134	16813.9
150.53	15641.9
152.964	14551.2
155.439	13537.1
157.953	12593.5
160.507	11715.4
163.103	10898.7
165.742	10014.9
168.422	9193.04
171.146	8438.82
173.915	7746.66
176.727	7110.95
179.586	6527.64
182.491	5992.17
185.442	5573.84
188.442	5226.7
191.49	4901.07
194.587	4595.84
197.734	4309.56
200.932	4041.1
204.182	3789.39
207.485	3551.49
210.84	3324.22
214.251	3111.57
217.716	2912.48
221.237	2726.14
224.816	2574.64
228.452	2461.53
232.147	2353.38
235.902	2250
239.717	2158.45
243.595	2128.97
247.535	2099.9
251.538	2076.34
255.607	2067.65
259.741	2059
263.942	2051.67
268.211	2065.55
272.549	2079.53
276.957	2093.6
281.437	2107.77
285.989	2142.77
290.615	2199.54
295.315	2257.84
300.092	2360.86
304.945	2479.1
309.878	2606.08
314.89	2740.73
319.983	2886.41
325.158	3114.03
330.418	3359.52
335.762	3603.42
341.192	3863.79
346.711	4176.82
352.319	4534.88
358.017	4923.69
363.808	5320.63
369.692	5705.44
375.672	6117.95
381.748	6560.42
387.922	7034.89
394.197	7503.81
400.573	7993.16
407.052	8438.61
413.635	8897.27
420.326	9331.62
427.124	9598.23
434.032	9872.46
441.052	10154.5
448.186	10379
455.435	10561.2
462.802	10746.5
470.287	10935.2
477.894	11086.2
485.623	11083.1
493.478	11080
501.459	11076.8
509.57	11073.6
517.812	11068.3
526.187	11063
534.698	11027.5
543.346	10971.9
552.134	10916.5
561.065	10861.4
570.14	10838.6
579.361	10836.5
588.732	10834.4
598.254	10832.3
607.93	10814.2
617.763	10792.3
627.755	10770.4
637.909	10739.1
648.226	10669.4
658.711	10600.1
669.365	10532.2
680.191	10470
691.193	10408.2
702.372	10346.8
713.733	10146.2
725.277	9915.77
737.008	9690.25
748.928	9469.87
761.042	9254.27
773.351	9040.87
785.859	8823.17
798.57	8603.22
811.486	8388.7
824.611	8179.55
837.949	7975.69
851.502	7773.71
865.274	7573.43
879.269	7375.29
893.491	7182.35
907.942	6994.49
922.628	6811.57
937.551	6732.25
952.715	6679.17
968.124	6648.58
983.783	6618.09
999.695	6573.94
1015.86	6515.35
1032.29	6329.71
1048.99	6160.26
1065.96	6008.13
1083.2	5859.65
1100.72	5714.8
1118.52	5573.43
1136.61	5435.47
1155	5300.87
1173.68	5169.52
1192.66	5041.34
1211.95	4916.26
1231.55	4794.16
1251.47	4665.36
1271.72	4529.6
1292.28	4385.27
1313.19	4245.42
1334.43	4109.99
1356.01	3978.76
1377.94	3851.61
1400.23	3728.5
1422.88	3609.23
1445.89	3493.63
1469.28	3381.56
1493.04	3272.82
1517.19	3166.48
1541.73	3063.44
1566.67	2963.72
1592.01	2867.13
1617.76	2773.64
1643.92	2683.1
1670.51	2595.44
1697.53	2510.6
1724.99	2428.51
1752.89	2347.5
1781.24	2268.62
1810.05	2191.97
1839.32	2117.84
1869.07	2046.18
1899.3	1976.92
1930.02	1909.96
1961.24	1845.23
1992.96	1782.58
2025.2	1723.01
2057.95	1663.57
2091.24	1605.98
2125.06	1550.13
2159.43	1496.07
2194.36	1443.7
2229.85	1392.93
2265.92	1343.79
2302.57	1296.27
2339.81	1250.24
2377.66	1205.65
2416.11	1162.47
2455.19	1120.72
2494.9	1080.27
2535.26	1041.17
2576.26	1003.38
2617.93	966.806
2660.27	931.451
2703.3	897.255
2747.03	864.198
2791.46	832.243
2836.61	801.368
2882.49	771.518
2929.11	742.668
2976.48	714.797
3024.63	687.881
3073.55	661.875
3123.26	1610.27
3173.78	1543.63
3225.11	1479.81
3277.27	2047.08
3330.28	1966.1
3384.15	1888.39
3438.88	1813.75
3494.5	1742.21
3551.02	1673.53
3608.46	1607.62
3666.82	1544.36
3726.13	1483.56
3786.4	1425.28
3847.64	1587.73
3909.87	1524.96
3973.11	1464.65
4037.37	1406.86
4102.68	1351.32
4169.03	1298.01
4236.46	1246.88
4304.99	1197.68
4374.62	1150.56
4445.37	1105.22
4517.27	1125.97
4590.34	1082.41
4664.58	1040.64
4740.03	1000.49
4816.69	961.87
4894.6	965.495
4973.77	928.401
5054.21	892.616
5135.96	858.14
5219.03	824.92
5303.44	792.926
5389.22	762.097
5476.39	732.417
5564.97	703.847
5654.98	676.346
5746.44	649.861
5839.38	624.375
5933.83	599.851
6029.81	576.256
6127.33	553.551
6226.44	531.717
6327.15	510.715
6429.48	490.517
6533.48	471.091
6639.15	452.41
6746.53	434.456
6855.65	417.195
6966.54	400.598
7079.22	384.655
7193.72	369.323
7310.07	354.592
7428.31	340.445
7548.45	326.843
7670.54	313.777
7794.61	301.222
7920.68	289.16
8048.79	277.582
8178.97	266.456
8311.26	255.764
8445.69	245.508
8582.29	235.646
8721.11	226.179
8862.16	217.092
9005.5	208.368
9151.16	199.981
9299.17	191.936
9449.58	184.209
9602.42	176.794
9757.73	169.675
9915.55	162.837
10075.9	155.91
10238.9	149.275
10404.5	142.918
10572.8	136.829
10743.8	130.999
10917.6	125.417
11094.2	120.072
11273.6	114.955
11455.9	110.059
11641.2	105.373
11829.5	100.89
12020.8	96.6004
12215.3	92.4983
12412.9	88.5729
12613.6	84.82
12817.6	81.2308
13025	77.7996
13235.6	74.5177
13449.7	71.3811
13667.2	68.3821
13888.3	65.5162
14112.9	62.7766
14341.2	60.1589
14573.1	57.6566
14808.9	55.2665
15048.4	52.9822
15291.8	50.7996
15539.1	120.105
15790.4	114.915
16045.8	109.95
16305.4	105.2
16569.1	100.654
16837.1	96.3045
17109.4	92.1431
17386.1	88.1616
17667.4	84.3531
17953.1	80.7081
18243.5	77.2211
18538.6	104.311
18838.4	100.263
19143.1	96.3718
19452.7	106.359
19767.4	102.178
20087.1	98.1473
20412	94.2641
20742.1	90.5232
21077.6	86.9211
21418.5	83.4528
21765	80.1145
22117	76.9011
22474.7	73.8091
22838.2	70.8345
23207.6	67.9734
23583	65.2219
23964.4	62.576
24352	60.0323
24745.9	57.5874
25146.1	55.2378
25552.9	52.9797
25966.2	50.8102
26386.1	48.7257
26812.9	46.7239
27246.6	44.8012
27687.3	42.9548
28135.1	41.1818
28590.2	39.4799
29052.6	37.8459
29522.5	36.2775
30000	34.7722
