10	3430.72
10.1617	3442
10.3261	3458.06
10.4931	3491.49
10.6628	3525.24
10.8353	3559.29
11.0106	3593.67
11.1886	3652.14
11.3696	3723.7
11.5535	3796.68
11.7404	3871.08
11.9303	3946.94
12.1232	4028.87
12.3193	4146.48
12.5186	4267.49
12.721	4392.14
12.9268	4520.31
13.1359	4698.25
13.3483	4904.34
13.5642	5119.41
13.7836	5364.68
14.0066	5651.21
14.2331	5953.22
14.4633	6271.32
14.6973	6670.18
14.935	7211.33
15.1765	13442
15.422	28404.4
15.6714	60041.6
15.9249	126879
16.1825	268125
16.4442	291658
16.7102	302377
16.9805	313492
17.2551	325017
17.5342	336965
17.8178	349349
18.106	359217
18.3989	364832
18.6964	370539
18.9988	376333
19.3061	382216
19.6184	388192
19.9357	393416
20.2582	396715
20.5858	400048
20.9188	403404
21.2571	406788
21.6009	410204
21.9503	413646
22.3053	417117
22.6661	420616
23.0327	422035
23.4053	419724
23.7838	417426
24.1685	415141
24.5594	412868
24.9566	410607
25.3603	408359
25.7705	406123
26.1873	393651
26.6109	381332
27.0413	369398
27.4786	357836
27.9231	345896
28.3747	327678
28.8337	310423
29.3	294075
29.7739	278588
30.2555	263917
30.7449	250020
31.2421	236851
31.7475	220471
32.2609	201160
32.7827	183543
33.313	167469
33.8518	152802
34.3993	139418
34.9557	127208
35.5211	116068
36.0956	105902
36.6794	96626.8
37.2727	88164.6
37.8755	80442.6
38.4882	73398
39.1107	66991
39.7433	61522.3
40.3861	56501
41.0393	51889
41.7031	47653.7
42.3776	43763.9
43.063	40191.5
43.7595	36910.9
44.4673	33898.1
45.1865	31131.2
45.9174	28590.1
46.66	26256.3
47.4147	24113.2
48.1816	22144.9
48.9609	20337.3
49.7528	18619.2
50.5576	17022
51.3753	15561.5
52.2062	14226.4
53.0506	13005.9
53.9087	11890.1
54.7806	10869.9
55.6667	9937.44
56.567	9084.77
57.482	8496.62
58.4117	7977.56
59.3564	7490.2
60.3165	7032.64
61.2921	6603.03
62.2834	6199.65
63.2908	5820.92
64.3145	5465.33
65.3547	5290.59
66.4118	5143.12
67.4859	4999.76
68.5775	4860.4
69.6867	4755.09
70.8138	4662.28
71.9592	4571.27
73.123	4482.04
74.3057	4425.69
75.5076	4378.26
76.7289	4339.51
77.9699	4317.34
79.231	4295.3
80.5125	4302.75
81.8147	4323.7
83.138	4344.76
84.4827	4365.92
85.8492	4372.39
87.2377	4377.07
88.6487	4381.76
90.0825	4386.46
91.5395	4397.69
93.0201	4450.77
94.5247	4504.49
96.0535	4558.86
97.6071	4613.89
99.1858	4794.82
100.79	4990.23
102.42	5208
104.077	5676.44
105.76	6286.19
107.471	7379.81
109.209	9507.25
110.975	11616.6
112.77	12112.1
114.594	10942.6
116.448	9552.85
118.331	10266
120.245	11174.8
122.19	12019.7
124.166	12928.8
126.175	13969.4
128.215	15141
130.289	16410.1
132.397	17785.2
134.538	18953.6
136.714	20162.3
138.925	21448.2
141.172	22580.1
143.456	23664.8
145.776	24802.2
148.134	25697.7
150.53	26615.7
152.964	27567
155.439	28551.2
157.953	29354.5
160.507	30137
163.103	30940
165.742	31763.9
168.422	32610.3
171.146	33479.3
173.915	34217.7
176.727	34940.7
179.586	35678.3
182.491	36252.8
185.442	36791.6
188.442	37338.1
191.49	37618.3
194.587	37796.3
197.734	37975.3
200.932	38139.6
204.182	38254.4
207.485	38369.6
210.84	38485.3
214.251	38601
217.716	38717.3
221.237	38833.9
224.816	38950.9
228.452	39068.2
232.147	38549
235.902	37938.8
239.717	37338.4
243.595	36806.1
247.535	36451.6
251.538	36100.6
255.607	35752.9
259.741	35408.6
263.942	35067.6
268.211	34729.7
272.549	34395.3
276.957	34064
281.437	33675.6
285.989	33196.7
290.615	32724.6
295.315	32259.2
300.092	31800.5
304.945	31348.3
309.878	30902.6
314.89	30463.1
319.983	29820.8
325.158	29069
330.418	28336.1
335.762	27621.7
341.192	26925.2
346.711	26246.5
352.319	25584.7
358.017	24939.6
363.808	24371.8
369.692	23837.6
375.672	23315.4
381.748	22804.4
387.922	22293.8
394.197	21771.5
400.573	21181
407.052	20575.8
413.635	19988.5
420.326	19417.7
427.124	18863.1
434.032	18324.2
441.052	17800.7
448.186	17289.7
455.435	16782.1
462.802	16282.4
470.287	15793.5
477.894	15318.7
485.623	14858.7
493.478	14412.6
501.459	13979.7
509.57	13559.6
517.812	13150.6
526.187	12748.8
534.698	12350.1
543.346	11959.3
552.134	11580.7
561.065	11203
570.14	10833.4
579.361	10482
588.732	10143.2
598.254	9816.08
607.93	9499.81
617.763	9193.68
627.755	8896.85
637.909	8602.65
648.226	8308.05
658.711	8017.22
669.365	7736.48
680.191	7481.89
691.193	7247.77
702.372	7023.47
713.733	6793.64
725.277	6562.92
737.008	6339.97
748.928	6124.58
761.042	5916.45
773.351	5714.39
785.859	5515.67
798.57	5321
811.486	5133.28
824.611	4952.14
837.949	4777.37
851.502	4608.04
865.274	4443.87
879.269	4284.83
893.491	4131.5
907.942	3983.64
922.628	3841.04
937.551	3701.83
952.715	3567.24
968.124	3437.19
983.783	3311.87
999.695	3191.28
1015.86	3075.24
1032.29	2964.53
1048.99	2856.83
1065.96	2751.98
1083.2	2650.91
1100.72	2553.55
1118.52	2459.75
1136.61	2369.43
1155	2282.42
1173.68	2198.57
1192.66	2117.82
1211.95	2040.06
1231.55	1965.16
1251.47	1892.26
1271.72	1821.35
1292.28	1752.21
1313.19	1685.72
1334.43	1621.76
1356.01	1560.21
1377.94	1501
1400.23	1444.01
1422.88	1389.14
1445.89	1336.43
1469.28	1285.31
1493.04	1235.51
1517.19	1185.16
1541.73	1136.51
1566.67	1089.85
1592.01	1045.1
1617.76	1002.2
1643.92	961.053
1670.51	921.608
1697.53	883.781
1724.99	847.509
1752.89	811.432
1781.24	776.619
1810.05	3130.11
1839.32	2956.92
1869.07	3908.18
1899.3	3767.41
1930.02	3631.71
1961.24	3500.91
1992.96	3374.8
2025.2	3254.05
2057.95	3136.86
2091.24	3415.76
2125.06	3291.6
2159.43	3171.15
2194.36	3054.27
2229.85	2940.9
2265.92	2831.13
2302.57	2724.79
2339.81	2621.89
2377.66	2522.33
2416.11	2425.99
2455.19	2332.92
2494.9	2243
2535.26	2156.14
2576.26	2072.22
2617.93	1991.28
2660.27	1913.11
2703.3	1837.75
2747.03	1765.05
2791.46	1694.99
2836.61	1627.49
2882.49	1562.41
2929.11	1499.75
2976.48	1439.42
3024.63	1381.33
3073.55	1325.43
3123.26	1271.59
3173.78	1219.84
3225.11	1170.07
3277.27	1122.17
3330.28	1076.11
3384.15	1031.88
3438.88	989.338
3494.5	948.46
3551.02	909.191
3608.46	871.47
3666.82	835.239
3726.13	800.445
3786.4	767.034
3847.64	734.962
3909.87	704.176
3973.11	674.636
4037.37	646.281
4102.68	619.078
4169.03	592.974
4236.46	567.938
4304.99	543.922
4374.62	520.898
4445.37	498.805
4517.27	477.631
4590.34	457.33
4664.58	437.87
4740.03	419.214
4816.69	401.334
4894.6	384.194
4973.77	367.777
5054.21	352.036
5135.96	336.964
5219.03	322.516
5303.44	308.683
5389.22	295.43
5476.39	282.73
5564.97	270.575
5654.98	258.929
5746.44	247.776
5839.38	237.1
5933.83	226.871
6029.81	217.082
6127.33	207.706
6226.44	198.738
6327.15	190.149
6429.48	181.927
6533.48	174.06
6639.15	166.524
6746.53	159.317
6855.65	152.411
6966.54	145.808
7079.22	139.491
7193.72	133.443
7310.07	127.652
7428.31	122.117
7548.45	116.82
7670.54	111.752
7794.61	106.903
7920.68	102.263
8048.79	97.8238
8178.97	93.5762
8311.26	89.514
8445.69	85.6281
8582.29	81.9097
8721.11	78.3536
8862.16	74.9525
9005.5	71.6979
9151.16	68.5866
9299.17	65.6096
9449.58	62.7621
9602.42	60.0389
9757.73	57.4349
9915.55	54.9427
10075.9	52.5601
10238.9	50.2817
10404.5	48.1025
10572.8	46.0183
10743.8	44.025
10917.6	42.1189
11094.2	40.296
11273.6	38.5522
11455.9	36.8847
11641.2	35.2902
11829.5	33.7654
12020.8	32.3069
12215.3	30.9126
12412.9	29.5785
12613.6	28.3032
12817.6	27.0833
13025	25.9171
13235.6	24.8012
13449.7	23.7345
13667.2	22.714
13888.3	21.7383
14112.9	20.805
14341.2	19.9126
14573.1	19.059
14808.9	18.2428
15048.4	17.462
15291.8	117.584
15539.1	112.941
15790.4	108.463
16045.8	104.144
16305.4	99.9802
16569.1	95.966
16837.1	92.0987
17109.4	88.3734
17386.1	84.7859
17667.4	81.3326
17953.1	78.008
18243.5	74.8094
18538.6	71.7323
18838.4	68.7723
19143.1	65.9265
19452.7	63.1902
19767.4	60.5609
20087.1	58.0336
20412	55.6056
20742.1	53.2729
21077.6	51.0329
21418.5	48.8818
21765	46.8167
22117	44.8342
22474.7	42.9315
22838.2	41.1056
23207.6	39.3537
23583	37.6732
23964.4	36.061
24352	34.515
24745.9	33.0324
25146.1	31.6112
25552.9	30.2483
25966.2	28.9421
26386.1	27.6899
26812.9	26.4903
27246.6	25.3407
27687.3	24.2391
28135.1	23.1839
28590.2	22.1732
29052.6	21.2049
29522.5	20.2777
30000	19.3899
