10	41148.7
10.1617	42508
10.3261	43911
10.4931	45361.3
10.6628	46859.2
10.8353	47708.5
11.0106	48440.2
11.1886	49184.3
11.3696	49939
11.5535	50705.3
11.7404	51507.3
11.9303	52330.4
12.1232	53167.3
12.3193	54016.7
12.5186	54879.6
12.721	55782.3
12.9268	56703.2
13.1359	57639.7
13.3483	58592.3
13.5642	59580.1
13.7836	60745
14.0066	61932.3
14.2331	63143.7
14.4633	64378.6
14.6973	65475
14.935	66358.7
15.1765	67254.8
15.422	68162
15.6714	69082
15.9249	70024.2
16.1825	71075.5
16.4442	72143
16.7102	73225.9
16.9805	74325
17.2551	75441.5
17.5342	76574
17.8178	77723.7
18.106	78618.4
18.3989	79412.5
18.6964	80215.7
18.9988	81026.3
19.3061	81667.3
19.6184	81511.1
19.9357	81355.4
20.2582	81199.6
20.5858	81044.6
20.9188	80889.5
21.2571	80735
21.6009	79858.3
21.9503	78940.1
22.3053	78032.5
22.6661	77135.3
23.0327	76248.3
23.4053	74981.6
23.7838	73253.6
24.1685	71565.5
24.5594	69916.4
24.9566	68186.7
25.3603	64904.1
25.7705	61779.4
26.1873	58805
26.6109	55777.2
27.0413	52653.8
27.4786	49704.9
27.9231	46921.6
28.3747	44367.3
28.8337	41953.3
29.3	39670.3
29.7739	37511.8
30.2555	35406.1
30.7449	33328.8
31.2421	31373.1
31.7475	30198.5
32.2609	29609.4
32.7827	29031.9
33.313	28507
33.8518	28084.1
34.3993	27667.4
34.9557	27257
35.5211	27257.5
36.0956	27302
36.6794	27346.4
37.2727	27390.9
37.8755	27662.1
38.4882	28166.5
39.1107	31282
39.7433	34742.9
40.3861	38585.4
41.0393	42853.7
41.7031	47593.9
42.3776	50418.4
43.063	53383.9
43.7595	56523.6
44.4673	57955.4
45.1865	58244.7
45.9174	58535.7
46.66	58827.9
47.4147	58516.4
48.1816	57871.5
48.9609	56938.9
49.7528	56848.4
50.5576	56992.5
51.3753	57481.1
52.2062	59776.8
53.0506	61877
53.9087	63446.5
54.7806	64464.7
55.6667	65499.1
56.567	65859.3
57.482	66012.7
58.4117	64694.3
59.3564	63366.1
60.3165	62044.3
61.2921	60750.4
62.2834	58950
63.2908	56841.3
64.3145	54606.4
65.3547	52022.8
66.4118	48891.5
67.4859	45509.4
68.5775	42361.8
69.6867	40131
70.8138	38086.2
71.9592	36145.9
73.123	34304.4
74.3057	32556.5
75.5076	30897.8
76.7289	29323.8
77.9699	27834.7
79.231	26482.5
80.5125	25195.8
81.8147	23971.7
83.138	22807
84.4827	21699
85.8492	20644.8
87.2377	19755.2
88.6487	19078.3
90.0825	18424.6
91.5395	17793.3
93.0201	17183.6
94.5247	16734
96.0535	16475.3
97.6071	16220.6
99.1858	15969.9
100.79	15723
102.42	15515.4
104.077	15537.5
105.76	15559.8
107.471	15582.1
109.209	15604.5
110.975	15668.3
112.77	15800.1
114.594	15933
116.448	16066.9
118.331	16202.1
120.245	16338.4
122.19	16441.6
124.166	16542.6
126.175	16644
128.215	16746.3
130.289	16849.1
132.397	16952.4
134.538	17056.6
136.714	17161.2
138.925	17251.1
141.172	17315.1
143.456	17379
145.776	17443.5
148.134	17508.1
150.53	17573.1
152.964	17544.7
155.439	17504.6
157.953	17464.6
160.507	17424.8
163.103	17385
165.742	17390.1
168.422	17427.7
171.146	17465.2
173.915	17502.9
176.727	17540.8
179.586	17578.5
182.491	17611.5
185.442	17613.1
188.442	17614.6
191.49	17616.1
194.587	17617.6
197.734	17619.2
200.932	17620.7
204.182	17622.2
207.485	17623.7
210.84	17633.5
214.251	17648.4
217.716	17663.3
221.237	17678.4
224.816	17693.3
228.452	17708.4
232.147	17723.4
235.902	17738.5
239.717	17753.6
243.595	17760.1
247.535	17719.1
251.538	17678.1
255.607	17637.3
259.741	17596.6
263.942	17555.9
268.211	17515.3
272.549	17474.9
276.957	17415.2
281.437	17275.4
285.989	17136.7
290.615	16999.2
295.315	16862.8
300.092	16727.4
304.945	16590.5
309.878	16453.5
314.89	16317.7
319.983	16183
325.158	16049.4
330.418	15916.9
335.762	15785.5
341.192	15650.9
346.711	15481.3
352.319	15313.6
358.017	15147.7
363.808	14983.6
369.692	14821.3
375.672	14660.7
381.748	14501.9
387.922	14320.6
394.197	14119.3
400.573	13920.9
407.052	13725.4
413.635	13532.5
420.326	13368.6
427.124	13224.9
434.032	13082.9
441.052	12942.4
448.186	12785.4
455.435	12620.3
462.802	12457.5
470.287	12296.7
477.894	12138
485.623	11981.3
493.478	11826.7
501.459	11674
509.57	11523.4
517.812	11374.7
526.187	11227.9
534.698	11083
543.346	10774.1
552.134	10543.5
561.065	10308.9
570.14	10084
579.361	9923.23
588.732	9781.02
598.254	9650.99
607.93	9522.58
617.763	9395.92
627.755	9267.75
637.909	9102.2
648.226	8882.83
658.711	8632.25
669.365	8388.67
680.191	8166.61
691.193	7961.53
702.372	7764.47
713.733	7563.1
725.277	7360.71
737.008	7163.71
748.928	6971.92
761.042	6785.18
773.351	6602.11
785.859	6419.61
798.57	6238.65
811.486	6062.72
824.611	5891.76
837.949	5725.6
851.502	5563.24
865.274	5404.61
879.269	5249.76
893.491	5099.26
907.942	4953.04
922.628	4810.96
937.551	4670.03
952.715	4532.46
968.124	4398.34
983.783	4268.13
999.695	4141.15
1015.86	4017.32
1032.29	3892.1
1048.99	3770.04
1065.96	3650.98
1083.2	3535.64
1100.72	3423.89
1118.52	3315.64
1136.61	3210.77
1155	3109.19
1173.68	3010.71
1192.66	2915.34
1211.95	2822.95
1231.55	2733.39
1251.47	2645.45
1271.72	2559.01
1292.28	2473.75
1313.19	2391.29
1334.43	2311.58
1356.01	2234.49
1377.94	2159.92
1400.23	2087.78
1422.88	2017.99
1445.89	1950.51
1469.28	1885.25
1493.04	1822.08
1517.19	1760.83
1541.73	1701.57
1566.67	1644.26
1592.01	1588.83
1617.76	1535.28
1643.92	1483.55
1670.51	1433.51
1697.53	1385.12
1724.99	1338.34
1752.89	1292.47
1781.24	1247.93
1810.05	1204.73
1839.32	1163.03
1869.07	1122.77
1899.3	3231.59
1930.02	3097.69
1961.24	4409.4
1992.96	4243.41
2025.2	4084.63
2057.95	3930.79
2091.24	3782.73
2125.06	3640.26
2159.43	3503.17
2194.36	3371.22
2229.85	3244.24
2265.92	3122.08
2302.57	3004.53
2339.81	2891.41
2377.66	3241.08
2416.11	3110.65
2455.19	2985.49
2494.9	2865.51
2535.26	2750.29
2576.26	2639.78
2617.93	2533.76
2660.27	2432.05
2703.3	2490.71
2747.03	2394.21
2791.46	2301.47
2836.61	2212.41
2882.49	2126.85
2929.11	2044.68
2976.48	2053.71
3024.63	1976.87
3073.55	1902.54
3123.26	1830.87
3173.78	1761.72
3225.11	1695.07
3277.27	1630.68
3330.28	1568.7
3384.15	1508.9
3438.88	1451.22
3494.5	1395.69
3551.02	1342.16
3608.46	1290.59
3666.82	1240.91
3726.13	1193.03
3786.4	1146.96
3847.64	1102.55
3909.87	1059.88
3973.11	1018.71
4037.37	979.126
4102.68	941.019
4169.03	904.34
4236.46	869.046
4304.99	835.072
4374.62	802.396
4445.37	770.941
4517.27	740.686
4590.34	711.587
4664.58	683.596
4740.03	656.669
4816.69	630.781
4894.6	605.884
4973.77	581.934
5054.21	558.912
5135.96	536.781
5219.03	515.499
5303.44	495.039
5389.22	475.376
5476.39	456.479
5564.97	438.311
5654.98	420.861
5746.44	404.078
5839.38	387.957
5933.83	372.465
6029.81	357.581
6127.33	343.278
6226.44	329.541
6327.15	316.342
6429.48	303.663
6533.48	291.481
6639.15	279.783
6746.53	268.543
6855.65	257.751
6966.54	247.387
7079.22	237.424
7193.72	227.867
7310.07	218.685
7428.31	209.866
7548.45	201.397
7670.54	193.267
7794.61	185.457
7920.68	177.953
8048.79	170.754
8178.97	163.844
8311.26	157.204
8445.69	150.829
8582.29	144.711
8721.11	138.837
8862.16	133.198
9005.5	127.786
9151.16	122.581
9299.17	117.594
9449.58	112.803
9602.42	108.205
9757.73	103.789
9915.55	99.5482
10075.9	95.5961
10238.9	91.8116
10404.5	88.186
10572.8	214.937
10743.8	205.398
10917.6	196.285
11094.2	187.576
11273.6	179.252
11455.9	171.297
11641.2	163.696
11829.5	156.433
12020.8	209.433
12215.3	200.616
12412.9	192.167
12613.6	210.029
12817.6	201.938
13025	194.128
13235.6	186.585
13449.7	179.308
13667.2	172.285
13888.3	165.515
14112.9	158.985
14341.2	152.692
14573.1	146.627
14808.9	140.786
15048.4	135.159
15291.8	129.741
15539.1	124.524
15790.4	119.503
16045.8	114.672
16305.4	110.025
16569.1	105.555
16837.1	101.255
17109.4	97.1213
17386.1	93.147
17667.4	89.3279
17953.1	85.6567
18243.5	82.1296
18538.6	78.7413
18838.4	75.4859
19143.1	72.3598
19452.7	69.3577
19767.4	66.4757
20087.1	63.7084
20412	61.0521
20742.1	58.5024
21077.6	56.0558
21418.5	53.708
21765	51.4557
22117	49.2946
22474.7	47.2217
22838.2	45.2333
23207.6	43.3265
23583	41.498
23964.4	39.7445
24352	38.0632
24745.9	36.4515
25146.1	34.9065
25552.9	33.4254
25966.2	32.0058
26386.1	30.6451
26812.9	29.3414
27246.6	28.0919
27687.3	26.8948
28135.1	25.7476
28590.2	24.6486
29052.6	23.5957
29522.5	22.5871
30000	21.621
