10	67240.6
10.1617	66413.4
10.3261	65596.1
10.4931	64789.1
10.6628	63991.9
10.8353	63204.5
11.0106	62426.8
11.1886	61658.8
11.3696	60900.1
11.5535	60150.9
11.7404	59410.7
11.9303	58679.8
12.1232	57957.8
12.3193	57244.6
12.5186	56604.8
12.721	56241.3
12.9268	55879.9
13.1359	55520.8
13.3483	55164.3
13.5642	54809.9
13.7836	54457.7
14.0066	54055.5
14.2331	53556.9
14.4633	53062.7
14.6973	52573
14.935	52087.9
15.1765	51607.3
15.422	50884.8
15.6714	50046.7
15.9249	49222.4
16.1825	48411.6
16.4442	47614.3
16.7102	46805.7
16.9805	46009.2
17.2551	45226.4
17.5342	44456.9
17.8178	43730.6
18.106	43065.1
18.3989	42409.6
18.6964	41764.2
18.9988	41128.6
19.3061	40357.9
19.6184	39573.1
19.9357	38803.5
20.2582	38048.9
20.5858	37240.2
20.9188	36436
21.2571	35649.1
21.6009	34831.8
21.9503	33904.1
22.3053	33001
22.6661	32122
23.0327	31266.4
23.4053	30433.6
23.7838	29813.2
24.1685	29259.9
24.5594	28716.9
24.9566	28183.9
25.3603	27467
25.7705	26639.5
26.1873	25837
26.6109	25058.7
27.0413	24303.8
27.4786	23571.6
27.9231	22861.5
28.3747	22129.9
28.8337	21410.4
29.3	20714.2
29.7739	20115.5
30.2555	19661.1
30.7449	19251
31.2421	19185.2
31.7475	19119.4
32.2609	19290.8
32.7827	19786.9
33.313	21179.3
33.8518	23748.5
34.3993	30616.2
34.9557	60889.2
35.5211	440181
36.0956	477131
36.6794	491143
37.2727	501136
37.8755	511334
38.4882	513654
39.1107	506304
39.7433	499060
40.3861	483944
41.0393	459122
41.7031	435572
42.3776	412597
43.063	390808
43.7595	370171
44.4673	318617
45.1865	291646
45.9174	266959
46.66	244359
47.4147	220230
48.1816	196084
48.9609	174621
49.7528	155771
50.5576	138959
51.3753	122950
52.2062	107735
53.0506	95424.4
53.9087	85252
54.7806	76213.3
55.6667	68181.2
56.567	62418
57.482	57531.3
58.4117	52610.5
59.3564	45388.4
60.3165	40730.5
61.2921	38581
62.2834	36544.6
63.2908	34996.5
64.3145	34101.8
65.3547	33230
66.4118	32380.6
67.4859	31562.3
68.5775	31033.6
69.6867	30513.9
70.8138	30393.7
71.9592	30301.4
73.123	30209.4
74.3057	30029.7
75.5076	29842.3
76.7289	29661.4
77.9699	29557.6
79.231	29454.2
80.5125	29250.8
81.8147	28993.4
83.138	28911.9
84.4827	28830.7
85.8492	28749.6
87.2377	28668.8
88.6487	28590.7
90.0825	28516.2
91.5395	28442.1
93.0201	28283.4
94.5247	27702.9
96.0535	27473.3
97.6071	27245.6
99.1858	27019.5
100.79	26707.2
102.42	26309.8
104.077	25922.3
105.76	25540.7
107.471	25168.1
109.209	24809.6
110.975	24463.6
112.77	24122.9
114.594	23779.9
116.448	23423.9
118.331	23068.3
120.245	22718.2
122.19	22373
124.166	22032.9
126.175	21698.5
128.215	21369
130.289	21044.3
132.397	20724.7
134.538	20411.8
136.714	20103.9
138.925	19800.2
141.172	19501.3
143.456	19207
145.776	18917.3
148.134	18631.8
150.53	18332
152.964	17972.2
155.439	17601.6
157.953	17226
160.507	16857.8
163.103	16497.8
165.742	16145.8
168.422	15800.4
171.146	15468.4
173.915	15151.6
176.727	14849.9
179.586	14554.4
182.491	14259.8
185.442	13946.6
188.442	13635.5
191.49	13325.5
194.587	13019.7
197.734	12719.8
200.932	12426.1
204.182	12138.9
207.485	11858.5
210.84	11584.7
214.251	11296.1
217.716	11010.2
221.237	10728.4
224.816	10454
228.452	10186.3
232.147	9925.13
235.902	9670.9
239.717	9423.21
243.595	9181.87
247.535	8946.75
251.538	8717.59
255.607	8494.33
259.741	8276.79
263.942	8064.83
268.211	7858.26
272.549	7657
276.957	7454.08
281.437	7248.08
285.989	7042.61
290.615	6842.31
295.315	6647.66
300.092	6458.58
304.945	6274.86
309.878	6096.34
314.89	5922.91
319.983	5754.43
325.158	5590.72
330.418	5431.75
335.762	5277.21
341.192	5127.07
346.711	4981.24
352.319	4839.55
358.017	4701.92
363.808	4568.19
369.692	4438.21
375.672	4311.91
381.748	4189.24
387.922	4069.18
394.197	3950.69
400.573	36533.2
407.052	35424.7
413.635	34349.7
420.326	33307.7
427.124	32297.2
434.032	31316.9
441.052	30366.4
448.186	29435.7
455.435	28489.8
462.802	27561.5
470.287	26656.6
477.894	25781.9
485.623	25386.9
493.478	25168
501.459	24951.1
509.57	24735.9
517.812	24370.4
526.187	23481.3
534.698	22664.8
543.346	21896
552.134	21153.3
561.065	20417.9
570.14	19700
579.361	19008.3
588.732	18342.3
598.254	17700.2
607.93	17080.4
617.763	16482.3
627.755	15904.3
637.909	15332.2
648.226	14761.1
658.711	14198.8
669.365	13657.5
680.191	13167
691.193	12716.9
702.372	12287.5
713.733	11848
725.277	11407.7
737.008	10984.4
748.928	10576.7
761.042	10183.9
773.351	9803.9
785.859	9431.88
798.57	9069.08
811.486	8720.14
824.611	8384.67
837.949	8062.12
851.502	7751.56
865.274	7452.58
879.269	7164.81
893.491	6888.22
907.942	6622.3
922.628	6366.6
937.551	6119.07
952.715	5880.69
968.124	5651.2
983.783	5430.78
999.695	5218.91
1015.86	5015.25
1032.29	4819.27
1048.99	4629.8
1065.96	4446.54
1083.2	4270.47
1100.72	4101.4
1118.52	3939.03
1136.61	3783.06
1155	3633.31
1173.68	3489.48
1192.66	3351.36
1211.95	3218.69
1231.55	3091.2
1251.47	2968.45
1271.72	2850.13
1292.28	2735.95
1313.19	2626.38
1334.43	2521.21
1356.01	2420.23
1377.94	2323.3
1400.23	2230.26
1422.88	2140.93
1445.89	2055.2
1469.28	1972.76
1493.04	1893.37
1517.19	1816.36
1541.73	1742.37
1566.67	1671.4
1592.01	1603.27
1617.76	1537.92
1643.92	1475.25
1670.51	1415.12
1697.53	1357.45
1724.99	1302.17
1752.89	1248.73
1781.24	1197.38
1810.05	1148.09
1839.32	1100.79
1869.07	1055.46
1899.3	1012
1930.02	970.31
1961.24	930.329
1992.96	892.014
2025.2	855.562
2057.95	820.163
2091.24	786.196
2125.06	753.6
2159.43	722.329
2194.36	692.326
2229.85	663.537
2265.92	635.922
2302.57	609.434
2339.81	584.02
2377.66	559.638
2416.11	536.25
2455.19	513.816
2494.9	492.297
2535.26	471.663
2576.26	451.863
2617.93	432.873
2660.27	414.656
2703.3	397.188
2747.03	380.438
2791.46	364.367
2836.61	348.962
2882.49	334.183
2929.11	320.005
2976.48	306.414
3024.63	293.387
3073.55	280.889
3123.26	268.899
3173.78	257.406
3225.11	246.39
3277.27	235.822
3330.28	225.686
3384.15	215.973
3438.88	206.654
3494.5	197.721
3551.02	189.157
3608.46	180.945
3666.82	173.073
3726.13	165.524
3786.4	158.289
3847.64	151.355
3909.87	144.703
3973.11	138.325
4037.37	132.219
4102.68	126.358
4169.03	120.738
4236.46	115.358
4304.99	110.197
4374.62	105.247
4445.37	100.51
4517.27	844.203
4590.34	812.085
4664.58	781.007
4740.03	750.955
4816.69	721.894
4894.6	693.822
4973.77	666.682
5054.21	640.47
5135.96	615.174
5219.03	590.764
5303.44	567.211
5389.22	544.499
5476.39	522.61
5564.97	501.518
5654.98	481.193
5746.44	461.616
5839.38	442.767
5933.83	424.625
6029.81	407.163
6127.33	390.369
6226.44	374.21
6327.15	358.677
6429.48	343.738
6533.48	329.379
6639.15	315.575
6746.53	302.321
6855.65	289.591
6966.54	277.356
7079.22	265.614
7193.72	254.335
7310.07	243.514
7428.31	233.133
7548.45	223.162
7670.54	213.604
7794.61	204.436
7920.68	195.633
8048.79	187.2
8178.97	179.113
8311.26	171.355
8445.69	163.921
8582.29	156.802
8721.11	149.972
8862.16	143.427
9005.5	137.168
9151.16	131.159
9299.17	125.409
9449.58	119.904
9602.42	114.63
9757.73	109.583
9915.55	104.744
10075.9	100.115
10238.9	95.6851
10404.5	91.4443
10572.8	87.3861
10743.8	83.5024
10917.6	79.7868
11094.2	76.2317
11273.6	72.8298
11455.9	69.5757
11641.2	66.4635
11829.5	63.4869
12020.8	60.6399
12215.3	57.9181
12412.9	55.3143
12613.6	52.8255
12817.6	50.4457
13025	48.1713
13235.6	45.996
13449.7	43.9174
13667.2	41.9303
13888.3	40.0315
14112.9	38.2165
14341.2	36.4824
14573.1	34.8249
14808.9	33.2419
15048.4	31.7288
15291.8	30.2834
15539.1	28.9025
15790.4	27.5832
16045.8	26.3233
16305.4	25.12
16569.1	23.9704
16837.1	22.8726
17109.4	21.824
17386.1	20.8227
17667.4	19.8668
17953.1	18.9538
18243.5	18.0821
18538.6	17.2499
18838.4	16.4552
19143.1	15.6966
19452.7	14.9724
19767.4	14.2812
20087.1	13.6213
20412	12.9915
20742.1	12.3902
21077.6	11.8164
21418.5	11.2688
21765	10.7463
22117	10.2475
22474.7	9.7716
22838.2	9.31745
23207.6	8.88414
23583	8.47069
23964.4	8.07618
24352	7.6998
24745.9	7.3407
25146.1	6.99818
25552.9	6.67136
25966.2	6.35964
26386.1	6.06221
26812.9	5.77859
27246.6	5.50802
27687.3	5.24997
28135.1	5.00385
28590.2	4.76911
29052.6	4.54525
29522.5	4.33176
30000	4.12815
