10	277242
10.1617	281098
10.3261	285004
10.4931	285938
10.6628	282988
10.8353	280068
11.0106	276732
11.1886	272779
11.3696	268882
11.5535	265041
11.7404	261253
11.9303	256563
12.1232	251957
12.3193	247433
12.5186	242991
12.721	238414
12.9268	233664
13.1359	229008
13.3483	224445
13.5642	219972
13.7836	215590
14.0066	211294
14.2331	207084
14.4633	202957
14.6973	198913
14.935	194972
15.1765	192137
15.422	189343
15.6714	186590
15.9249	183877
16.1825	181203
16.4442	178568
16.7102	174930
16.9805	171302
17.2551	167748
17.5342	164269
17.8178	160862
18.106	157759
18.3989	154780
18.6964	151856
18.9988	148988
19.3061	146175
19.6184	143336
19.9357	139787
20.2582	136326
20.5858	132950
20.9188	129657
21.2571	126447
21.6009	122854
21.9503	117908
22.3053	113161
22.6661	108606
23.0327	104144
23.4053	97507.5
23.7838	91292.2
24.1685	85474.1
24.5594	80026.3
24.9566	74925.8
25.3603	70150.8
25.7705	65680
26.1873	61493.8
26.6109	57574.9
27.0413	53905.5
27.4786	50469.5
27.9231	47253.2
28.3747	44241.3
28.8337	41422
29.3	38781.7
29.7739	36310.1
30.2555	33995.9
30.7449	31829.4
31.2421	29765.6
31.7475	27808.7
32.2609	25979.9
32.7827	24271.6
33.313	22675.9
33.8518	21184.8
34.3993	19791.8
34.9557	18490.6
35.5211	17274.7
36.0956	16138.8
36.6794	15063.3
37.2727	14052.4
37.8755	13109.2
38.4882	12229.4
39.1107	11408.6
39.7433	10642.8
40.3861	9928.59
41.0393	9262.21
41.7031	8667.55
42.3776	8189.72
43.063	7738.2
43.7595	7311.6
44.4673	6910.52
45.1865	6558
45.9174	6223.47
46.66	5905.98
47.4147	5709.39
48.1816	5576.97
48.9609	5447.62
49.7528	5321.28
50.5576	5231.79
51.3753	5150.14
52.2062	5069.78
53.0506	5016.46
53.9087	4979.77
54.7806	5023.81
55.6667	5087.55
56.567	6706.44
57.482	10641.2
58.4117	13498.8
59.3564	14447.4
60.3165	14571.2
61.2921	14424.9
62.2834	13336.6
63.2908	13338.3
64.3145	13340.1
65.3547	13879.2
66.4118	14448.9
67.4859	15058.9
68.5775	15701.2
69.6867	16371.1
70.8138	17069.6
71.9592	17797.9
73.123	18469.9
74.3057	19112
75.5076	19776.2
76.7289	20463.7
77.9699	21174.9
79.231	21911
80.5125	22672.6
81.8147	23460.7
83.138	24349.4
84.4827	25308.1
85.8492	26304.5
87.2377	27340.1
88.6487	28416.5
90.0825	29535.3
91.5395	30487.2
93.0201	31346.1
94.5247	32229.1
96.0535	33136.9
97.6071	34070.4
99.1858	35030.1
100.79	36017
102.42	37031.7
104.077	37738.4
105.76	38319.2
107.471	38908.4
109.209	39507.2
110.975	40115.2
112.77	40732.3
114.594	41358.8
116.448	41994.8
118.331	42590.7
120.245	42954.1
122.19	43320.6
124.166	43690.5
126.175	44063.3
128.215	44439.7
130.289	44818.6
132.397	45200.9
134.538	45586.8
136.714	45787.4
138.925	45886.5
141.172	45985.5
143.456	46084.3
145.776	46184
148.134	46283.8
150.53	46381.5
152.964	46311
155.439	46240.5
157.953	46170.2
160.507	46100.2
163.103	46030
165.742	45959.8
168.422	45890.1
171.146	45698.3
173.915	45426.8
176.727	45157.1
179.586	44888.7
182.491	44622.1
185.442	44357.4
188.442	44093.9
191.49	43832.2
194.587	43488
197.734	42901.7
200.932	42323.4
204.182	41752.5
207.485	41189.7
210.84	40630.6
214.251	39961.5
217.716	39283.9
221.237	38602
224.816	37931.6
228.452	37273.1
232.147	36626.1
235.902	35989.8
239.717	35364.9
243.595	34751.3
247.535	34147.8
251.538	33554.7
255.607	32971.6
259.741	32399.2
263.942	31836.7
268.211	31284.4
272.549	30741.3
276.957	30122.3
281.437	29410.7
285.989	28651.3
290.615	27902.5
295.315	27172.9
300.092	26462.5
304.945	25770.3
309.878	25096.6
314.89	24440.5
319.983	23801.9
325.158	23179.8
330.418	22573.8
335.762	21983.5
341.192	21409.5
346.711	20849.5
352.319	20304.1
358.017	19773.4
363.808	19256.9
369.692	18753.6
375.672	18263.3
381.748	17785.7
387.922	17316
394.197	16849.5
400.573	16354.5
407.052	15858
413.635	15376.1
420.326	14909.8
427.124	14457.8
434.032	14018.5
441.052	13593.1
448.186	13179.5
455.435	12771.8
462.802	12372.5
470.287	11983.6
477.894	11607.2
485.623	11242.4
493.478	10888.9
501.459	10546.6
509.57	10215.4
517.812	9894.04
526.187	9580.53
534.698	9273.17
543.346	8973.85
552.134	8684.29
561.065	8396.37
570.14	8114.64
579.361	7843.71
588.732	7582.45
598.254	7330.26
607.93	7086.44
617.763	6850.71
627.755	6622.34
637.909	6395.83
648.226	6168.66
658.711	5944.21
669.365	5727.93
680.191	5532.19
691.193	5352.66
702.372	5181.21
713.733	5006.75
725.277	4832.47
737.008	4664.18
748.928	4501.79
761.042	4345.03
773.351	4193.23
785.859	4044.93
798.57	3900.41
811.486	3761.02
824.611	3626.65
837.949	3497.12
851.502	3371.82
865.274	3250.65
879.269	3133.52
893.491	3020.6
907.942	2911.78
922.628	2806.91
937.551	2703.8
952.715	2603.96
968.124	2507.37
983.783	2414.37
999.695	2324.83
1015.86	2238.61
1032.29	2155.61
1048.99	2075.3
1065.96	1997.56
1083.2	1922.64
1100.72	1850.53
1118.52	1781.12
1136.61	1714.35
1155	1650.1
1173.68	1588.26
1192.66	1528.69
1211.95	1471.38
1231.55	1416.25
1251.47	1363.21
1271.72	1312.25
1292.28	1263.28
1313.19	1216.1
1334.43	1170.68
1356.01	1126.93
1377.94	1084.88
1400.23	1044.38
1422.88	1005.34
1445.89	5983.41
1469.28	5769.41
1493.04	5562.98
1517.19	5364.96
1541.73	5174.11
1566.67	4990.06
1592.01	4812.53
1617.76	4641.35
1643.92	4476.2
1670.51	4904.59
1697.53	4725.76
1724.99	4553.45
1752.89	4383.51
1781.24	4218.56
1810.05	4058.91
1839.32	3905.28
1869.07	3757.5
1899.3	3615.26
1930.02	3478.5
1961.24	3346.89
1992.96	3220.22
2025.2	3100.43
2057.95	2980.42
2091.24	2864.6
2125.06	2752.79
2159.43	2644.98
2194.36	2541.03
2229.85	2440.83
2265.92	2344.26
2302.57	2251.18
2339.81	2161.6
2377.66	2075.25
2416.11	1992.14
2455.19	1912.14
2494.9	1835.21
2535.26	1761.1
2576.26	1689.85
2617.93	1621.33
2660.27	1555.4
2703.3	1492.04
2747.03	1431.1
2791.46	1372.54
2836.61	1316.31
2882.49	1262.24
2929.11	1210.28
2976.48	1160.34
3024.63	1112.43
3073.55	1066.44
3123.26	1022.27
3173.78	979.813
3225.11	939.088
3277.27	899.998
3330.28	862.471
3384.15	826.47
3438.88	791.926
3494.5	758.773
3551.02	726.976
3608.46	696.473
3666.82	667.217
3726.13	639.152
3786.4	612.241
3847.64	586.44
3909.87	561.694
3973.11	537.973
4037.37	515.226
4102.68	493.428
4169.03	472.525
4236.46	452.497
4304.99	433.297
4374.62	414.902
4445.37	397.269
4517.27	380.371
4590.34	364.185
4664.58	348.673
4740.03	333.815
4816.69	319.574
4894.6	305.931
4973.77	292.868
5054.21	280.356
5135.96	268.366
5219.03	256.881
5303.44	245.882
5389.22	235.348
5476.39	225.264
5564.97	215.597
5654.98	206.344
5746.44	197.486
5839.38	189.007
5933.83	180.885
6029.81	173.11
6127.33	165.66
6226.44	158.532
6327.15	151.701
6429.48	145.167
6533.48	138.914
6639.15	132.919
6746.53	127.184
6855.65	121.699
6966.54	116.441
7079.22	111.415
7193.72	106.597
7310.07	101.986
7428.31	97.575
7548.45	93.3517
7670.54	89.3099
7794.61	85.4408
7920.68	81.7375
8048.79	78.1926
8178.97	74.7999
8311.26	71.5536
8445.69	68.446
8582.29	65.4714
8721.11	62.6249
8862.16	59.8998
9005.5	57.2926
9151.16	54.7968
9299.17	52.4088
9449.58	50.1235
9602.42	47.9361
9757.73	45.8432
9915.55	43.8401
10075.9	41.9228
10238.9	40.0884
10404.5	38.3328
10572.8	36.6528
10743.8	35.0449
10917.6	33.5065
11094.2	32.0342
11273.6	30.6251
11455.9	29.2766
11641.2	27.9865
11829.5	26.7519
12020.8	25.5704
12215.3	24.4401
12412.9	23.358
12613.6	22.323
12817.6	157.374
13025	151.135
13235.6	145.117
13449.7	139.316
13667.2	133.724
13888.3	128.338
14112.9	123.149
14341.2	118.152
14573.1	113.341
14808.9	108.713
15048.4	104.258
15291.8	99.9722
15539.1	95.8504
15790.4	91.8868
16045.8	88.0769
16305.4	84.4152
16569.1	80.8962
16837.1	77.5149
17109.4	74.267
17386.1	71.1475
17667.4	68.1528
17953.1	65.2765
18243.5	62.5159
18538.6	59.8664
18838.4	57.3238
19143.1	54.8842
19452.7	52.5435
19767.4	50.2988
20087.1	48.1456
20412	46.0807
20742.1	44.101
21077.6	42.203
21418.5	40.3834
21765	38.6398
22117	36.9686
22474.7	35.3669
22838.2	33.8326
23207.6	32.3625
23583	30.9542
23964.4	29.6053
24352	28.3134
24745.9	27.0761
25146.1	25.8916
25552.9	24.7571
25966.2	23.6712
26386.1	22.6312
26812.9	21.636
27246.6	20.6834
27687.3	19.7718
28135.1	18.8992
28590.2	18.0643
29052.6	17.2654
29522.5	16.501
30000	15.7696
