10	140843
10.1617	137467
10.3261	134173
10.4931	130957
10.6628	127819
10.8353	124756
11.0106	121766
11.1886	118847
11.3696	115999
11.5535	111886
11.7404	107841
11.9303	103943
12.1232	100184
12.3193	95114.9
12.5186	89217.5
12.721	83683.4
12.9268	78494.8
13.1359	73535.1
13.3483	65938.3
13.5642	59127.9
13.7836	53021
14.0066	48080
14.2331	43693.4
14.4633	39707.7
14.6973	36086.5
14.935	32794.6
15.1765	29802.6
15.422	27176.8
15.6714	24924.1
15.9249	22858.6
16.1825	20964.4
16.4442	19248.1
16.7102	18018.9
16.9805	16868.1
17.2551	15790.7
17.5342	14879.9
17.8178	14138.2
18.106	13433.6
18.3989	12764
18.6964	12252.6
18.9988	11824.4
19.3061	11411.2
19.6184	11012.4
19.9357	10713.5
20.2582	10511
20.5858	10312.3
20.9188	10139.5
21.2571	10204.5
21.6009	10269.9
21.9503	10350.5
22.3053	10678
22.6661	11015.8
23.0327	11685.3
23.4053	12953.5
23.7838	16974.1
24.1685	27169.1
24.5594	44118
24.9566	52753.9
25.3603	56000.7
25.7705	57306.4
26.1873	58642.7
26.6109	60010
27.0413	60848.3
27.4786	60840.5
27.9231	60832.4
28.3747	60824.5
28.8337	60751.8
29.3	58598.8
29.7739	56522
30.2555	54518.8
30.7449	52306.7
31.2421	50181.6
31.7475	48583.7
32.2609	47841.6
32.7827	47110.8
33.313	46391.2
33.8518	46468.9
34.3993	47179.9
34.9557	47901.8
35.5211	48634.7
36.0956	49556
36.6794	50822.7
37.2727	52121.6
37.8755	53454
38.4882	54820
39.1107	56238.5
39.7433	58219.1
40.3861	60268.6
41.0393	62390.6
41.7031	64587.3
42.3776	66861.5
43.063	69215.7
43.7595	71652.8
44.4673	74209.4
45.1865	76903.4
45.9174	79695.4
46.66	82588.8
47.4147	85586.9
48.1816	88693.9
48.9609	91913.3
49.7528	94541.9
50.5576	97217.4
51.3753	99969.2
52.2062	102799
53.0506	105709
53.9087	108475
54.7806	110591
55.6667	112748
56.567	114948
57.482	117190
58.4117	119476
59.3564	119772
60.3165	119884
61.2921	119996
62.2834	120108
63.2908	120220
64.3145	120324
65.3547	120186
66.4118	120047
67.4859	119909
68.5775	119771
69.6867	119632
70.8138	119495
71.9592	118905
73.123	118299
74.3057	117696
75.5076	117095
76.7289	115793
77.9699	114486
79.231	113194
80.5125	111916
81.8147	109570
83.138	107250
84.4827	104979
85.8492	102756
87.2377	100580
88.6487	98450.6
90.0825	96047.4
91.5395	93106.8
93.0201	90256.1
94.5247	87492.8
96.0535	84814.1
97.6071	82217.1
99.1858	79699.8
100.79	77259.8
102.42	74893.6
104.077	69847.2
105.76	64625
107.471	59795.1
109.209	55324.8
110.975	51188.5
112.77	47362.1
114.594	43821.4
116.448	40546.4
118.331	37514.8
120.245	34318.4
122.19	31097.2
124.166	28177.8
126.175	25533.5
128.215	23135.9
130.289	20964.3
132.397	18996.9
134.538	17213.4
136.714	15597.6
138.925	14133.3
141.172	12806.6
143.456	11604.7
145.776	9981.06
148.134	8506.5
150.53	7249.68
152.964	6178.36
155.439	5591.4
157.953	5092.31
160.507	4745.77
163.103	4483.84
165.742	4464.53
168.422	4464.34
171.146	4537.41
173.915	4627.79
176.727	4720.06
179.586	4887.88
182.491	5115.92
185.442	5354.72
188.442	5564.73
191.49	5705.58
194.587	5849.84
197.734	5997.84
200.932	6149.59
204.182	6305.14
207.485	6464.58
210.84	6628.18
214.251	6725.58
217.716	6818.61
221.237	6912.92
224.816	7008.48
228.452	7105.41
232.147	7203.67
235.902	7303.28
239.717	7404.29
243.595	7444.78
247.535	7437.78
251.538	7430.81
255.607	7423.81
259.741	7416.83
263.942	7409.86
268.211	7402.89
272.549	7395.93
276.957	7365.9
281.437	7320.75
285.989	7275.89
290.615	7231.3
295.315	7186.98
300.092	7123.85
304.945	7010.09
309.878	6898.15
314.89	6787.98
319.983	6679.58
325.158	6572.91
330.418	6467.94
335.762	6329.72
341.192	6187.67
346.711	6048.81
352.319	5913.05
358.017	5780.35
363.808	5650.62
369.692	5523.8
375.672	5391.21
381.748	5250.56
387.922	5113.57
394.197	4980.17
400.573	4850.24
407.052	4723.71
413.635	4615.75
420.326	4522.52
427.124	4431.17
434.032	4341.66
441.052	4253.96
448.186	4209.39
455.435	4175.84
462.802	4179.58
470.287	4256.92
477.894	4335.69
485.623	4185.79
493.478	5335.5
501.459	6801.19
509.57	8669.21
517.812	11050.5
526.187	13823.3
534.698	14733.2
543.346	15561
552.134	15807
561.065	16056.9
570.14	16159
579.361	15974.8
588.732	15792.6
598.254	15612.5
607.93	15362.9
617.763	14994.2
627.755	14634.4
637.909	14283.2
648.226	13956.5
658.711	13664.4
669.365	13378.4
680.191	13098.3
691.193	12760.3
702.372	12333.8
713.733	12499.6
725.277	12954.5
737.008	13425.9
748.928	13605.8
761.042	13407.5
773.351	13212.2
785.859	12916.6
798.57	12600.5
811.486	12292.1
824.611	11991.3
837.949	11669.5
851.502	11339.2
865.274	11018.3
879.269	10706.4
893.491	10403.5
907.942	10148.5
922.628	9904.99
937.551	9667.3
952.715	9435.37
968.124	9208.95
983.783	8770.25
999.695	8258.33
1015.86	7979.8
1032.29	7694.31
1048.99	7417.42
1065.96	7148.92
1083.2	6890.06
1100.72	6640.57
1118.52	6400.13
1136.61	6168.37
1155	5945.05
1173.68	5729.79
1192.66	5522.28
1211.95	5322.33
1231.55	5129.65
1251.47	4944
1271.72	4765.23
1292.28	4593.05
1313.19	4427.03
1334.43	4267.02
1356.01	4112.81
1377.94	3964.12
1400.23	3820.86
1422.88	3682.78
1445.89	3549.67
1469.28	3421.51
1493.04	3298.09
1517.19	3179.79
1541.73	3065.84
1566.67	2955.96
1592.01	2850.02
1617.76	2747.84
1643.92	2649.28
1670.51	2554.37
1697.53	2462.82
1724.99	2374.52
1752.89	2287.99
1781.24	2204.13
1810.05	2123.01
1839.32	2044.88
1869.07	1969.65
1899.3	1897.12
1930.02	1827.3
1961.24	1760.06
1992.96	1695.29
2025.2	1633.68
2057.95	1572.83
2091.24	1513.96
2125.06	1457.18
2159.43	1402.32
2194.36	1349.42
2229.85	1298.32
2265.92	1249.09
2302.57	1201.52
2339.81	1155.61
2377.66	1111.35
2416.11	1068.62
2455.19	1027.43
2494.9	987.652
2535.26	949.306
2576.26	912.308
2617.93	876.633
2660.27	842.226
2703.3	809.04
2747.03	777.048
2791.46	746.197
2836.61	716.458
2882.49	687.778
2929.11	660.129
2976.48	633.477
3024.63	607.792
3073.55	583.037
3123.26	559.172
3173.78	536.176
3225.11	514.019
3277.27	492.667
3330.28	472.088
3384.15	452.268
3438.88	433.171
3494.5	414.784
3551.02	397.067
3608.46	379.995
3666.82	363.568
3726.13	347.75
3786.4	332.509
3847.64	317.831
3909.87	303.706
3973.11	947.977
4037.37	909.388
4102.68	872.372
4169.03	1149.78
4236.46	1103.73
4304.99	1059.59
4374.62	1017.29
4445.37	976.545
4517.27	1058.86
4590.34	1019.59
4664.58	981.543
4740.03	944.669
4816.69	908.974
4894.6	874.433
4973.77	841.01
5054.21	808.694
5135.96	777.471
5219.03	747.309
5303.44	718.183
5389.22	690.053
5476.39	662.915
5564.97	636.748
5654.98	611.499
5746.44	587.159
5839.38	563.701
5933.83	541.102
6029.81	519.335
6127.33	498.371
6226.44	478.186
6327.15	458.762
6429.48	440.074
6533.48	422.09
6639.15	404.788
6746.53	388.162
6855.65	372.171
6966.54	356.8
7079.22	342.028
7193.72	327.833
7310.07	314.204
7428.31	301.103
7548.45	288.527
7670.54	276.448
7794.61	264.852
7920.68	253.726
8048.79	243.038
8178.97	232.789
8311.26	222.957
8445.69	213.518
8582.29	204.47
8721.11	195.789
8862.16	187.463
9005.5	179.483
9151.16	171.825
9299.17	164.488
9449.58	157.457
9602.42	150.715
9757.73	144.253
9915.55	138.071
10075.9	132.139
10238.9	126.456
10404.5	121.012
10572.8	115.797
10743.8	110.802
10917.6	106.019
11094.2	101.438
11273.6	97.0503
11455.9	92.8493
11641.2	88.8276
11829.5	84.9772
12020.8	81.2907
12215.3	77.7632
12412.9	74.385
12613.6	71.1528
12817.6	68.0589
13025	65.0989
13235.6	62.2649
13449.7	59.5541
13667.2	56.9596
13888.3	54.4778
14112.9	52.1027
14341.2	49.8309
14573.1	47.6572
14808.9	45.5786
15048.4	43.5895
15291.8	41.6871
15539.1	39.8674
15790.4	38.1269
16045.8	36.4624
16305.4	34.8706
16569.1	33.348
16837.1	31.892
17109.4	30.4995
17386.1	29.1681
17667.4	27.8951
17953.1	26.6774
18243.5	25.5134
18538.6	24.4005
18838.4	23.3361
19143.1	22.3186
19452.7	21.3456
19767.4	20.4157
20087.1	19.5264
20412	18.6762
20742.1	17.8633
21077.6	17.0863
21418.5	16.3435
21765	15.6334
22117	14.9545
22474.7	14.3055
22838.2	13.685
23207.6	13.092
23583	12.525
23964.4	11.983
24352	11.4649
24745.9	10.9696
25146.1	10.4962
25552.9	10.0436
25966.2	9.6109
26386.1	9.19724
26812.9	8.80188
27246.6	8.42392
27687.3	8.06261
28135.1	7.71719
28590.2	7.387
29052.6	7.07131
29522.5	41.8764
30000	40.1838
