10	8224.69
10.1617	8265.56
10.3261	8306.59
10.4931	8347.85
10.6628	8389.35
10.8353	8448.36
11.0106	8511.06
11.1886	8574.42
11.3696	8638.08
11.5535	8702.26
11.7404	8766.89
11.9303	8832.08
12.1232	8928.26
12.3193	9025.36
12.5186	9123.53
12.721	9222.89
12.9268	9323.16
13.1359	9432.81
13.3483	9603.36
13.5642	9776.9
13.7836	9953.55
14.0066	10133.3
14.2331	10316.5
14.4633	10506.1
14.6973	10752.3
14.935	11004.5
15.1765	11262.6
15.422	11526.7
15.6714	11797
15.9249	12073.6
16.1825	12372.8
16.4442	12679.8
16.7102	12994.4
16.9805	13316.8
17.2551	13647.3
17.5342	13985.8
17.8178	14357.9
18.106	14867.8
18.3989	15395.8
18.6964	15943
18.9988	16509.3
19.3061	17095.7
19.6184	17719.5
19.9357	18540.5
20.2582	19399.4
20.5858	20298.5
20.9188	21238.9
21.2571	22223.2
21.6009	23662.4
21.9503	25551.6
22.3053	27595.2
22.6661	54705.9
23.0327	118264
23.4053	253118
23.7838	270811
24.1685	289285
24.5594	308531
24.9566	325139
25.3603	336342
25.7705	347931
26.1873	352649
26.6109	356868
27.0413	361139
27.4786	357506
27.9231	350650
28.3747	343926
28.8337	334568
29.3	324217
29.7739	314187
30.2555	304468
30.7449	292793
31.2421	277676
31.7475	263340
32.2609	249742
32.7827	236849
33.313	224620
33.8518	213024
34.3993	202024
34.9557	191367
35.5211	178126
36.0956	165800
36.6794	154328
37.2727	143651
37.8755	133710
38.4882	124460
39.1107	115849
39.7433	107832
40.3861	100372
41.0393	93426.9
41.7031	86962.9
42.3776	80945.8
43.063	75344.9
43.7595	69318.3
44.4673	63478.8
45.1865	58131.1
45.9174	53234.1
46.66	48749.1
47.4147	44642.4
48.1816	40881.6
48.9609	37437.7
49.7528	34283.8
50.5576	31395.8
51.3753	28750.9
52.2062	26355.4
53.0506	24174
53.9087	22173.3
54.7806	20338
55.6667	18654.6
56.567	17110.6
57.482	15694.4
58.4117	14395.4
59.3564	13203.8
60.3165	12128.5
61.2921	11144.5
62.2834	10240.4
63.2908	9409.67
64.3145	8646.27
65.3547	7944.8
66.4118	7300.31
67.4859	6897.05
68.5775	6545.39
69.6867	6211.64
70.8138	5894.91
71.9592	5619.62
73.123	5410.84
74.3057	5283.15
75.5076	5158.49
76.7289	5111.91
77.9699	5069.81
79.231	5028.07
80.5125	4986.66
81.8147	4964.97
83.138	4944.1
84.4827	4923.32
85.8492	4902.63
87.2377	4887.83
88.6487	4892
90.0825	4896.17
91.5395	4900.36
93.0201	4904.54
94.5247	4908.73
96.0535	4912.91
97.6071	4906.13
99.1858	4896.63
100.79	4887.16
102.42	4877.7
104.077	4868.29
105.76	4858.89
107.471	4849.46
109.209	4845.54
110.975	4844.77
112.77	4843.96
114.594	4843.18
116.448	4842.36
118.331	4880.86
120.245	4934.25
122.19	5048.13
124.166	5179.53
126.175	5501.39
128.215	5905.33
130.289	7353.03
132.397	8033.05
134.538	8158.31
136.714	8497.49
138.925	8903.42
141.172	9757.13
143.456	10723.3
145.776	11928.6
148.134	13374.4
150.53	14762.6
152.964	16110.1
155.439	17579.3
157.953	19183.4
160.507	20456.8
163.103	21609.4
165.742	22826.3
168.422	24002.7
171.146	24958.3
173.915	25951.4
176.727	26985
179.586	28059
182.491	28745.5
185.442	29421.2
188.442	30111.9
191.49	30819.7
194.587	31320.3
197.734	31808.4
200.932	32304.3
204.182	32760.8
207.485	33220.6
210.84	33687.5
214.251	34160.2
217.716	34309.2
221.237	34451
224.816	34593.2
228.452	34736.1
232.147	34859.7
235.902	34898.4
239.717	34937.2
243.595	34975.8
247.535	35014.7
251.538	35053.6
255.607	35094.3
259.741	35145.7
263.942	35197
268.211	35248.4
272.549	35281
276.957	34956.8
281.437	34635.7
285.989	34317.3
290.615	33850.9
295.315	33065.6
300.092	32298.5
304.945	31549.1
309.878	30881.9
314.89	30296.5
319.983	29722.1
325.158	29159
330.418	28606.6
335.762	28064.6
341.192	27532.8
346.711	27011.2
352.319	26499.4
358.017	25997.2
363.808	25504.3
369.692	25020.8
375.672	24546.4
381.748	24081.2
387.922	23605
394.197	23095.2
400.573	22489.2
407.052	21857.7
413.635	21244
420.326	20647.7
427.124	20068.1
434.032	19504.2
441.052	18956.5
448.186	18422.4
455.435	17893.6
462.802	17372.8
470.287	16863.4
477.894	16369.9
485.623	15890.1
493.478	15424.1
501.459	14971.9
509.57	14533
517.812	14105.8
526.187	13686.6
534.698	13270.7
543.346	12862.9
552.134	12468
561.065	12077.7
570.14	11696.1
579.361	11326.3
588.732	10968.6
598.254	10622.4
607.93	10287.3
617.763	9962.66
627.755	9647.56
637.909	9334.47
648.226	9020.1
658.711	8709
669.365	8408.66
680.191	8135.59
691.193	7884.09
702.372	7642.5
713.733	7393.02
725.277	7141.39
737.008	6898.25
748.928	6663.47
761.042	6436.64
773.351	6216.63
785.859	6001.59
798.57	5791.88
811.486	5589.46
824.611	5394.14
837.949	5205.66
851.502	5023.31
865.274	4846.95
879.269	4676.44
893.491	4511.87
907.942	4353.1
922.628	4199.92
937.551	4049.62
952.715	3904.03
968.124	3763.13
983.783	3627.38
999.695	3496.54
1015.86	3370.45
1032.29	3249.68
1048.99	3132.01
1065.96	3017.29
1083.2	2906.78
1100.72	2800.34
1118.52	2697.79
1136.61	2598.94
1155	2503.77
1173.68	2412.13
1192.66	2323.72
1211.95	2238.61
1231.55	2156.68
1251.47	2076.9
1271.72	1999.33
1292.28	1923.75
1313.19	1850.94
1334.43	1780.91
1356.01	1713.55
1377.94	1648.74
1400.23	1586.4
1422.88	1526.44
1445.89	1468.69
1469.28	1413.16
1493.04	1359.76
1517.19	1308.49
1541.73	1259.19
1566.67	1211.76
1592.01	1166.15
1617.76	1122.25
1643.92	1079.99
1670.51	1039.3
1697.53	1000.15
1724.99	962.476
1752.89	927.225
1781.24	893.606
1810.05	861.45
1839.32	830.45
1869.07	800.567
1899.3	771.756
1930.02	743.982
1961.24	2806.74
1992.96	2659.77
2025.2	3544.64
2057.95	3413.53
2091.24	3287.31
2125.06	3165.69
2159.43	3048.6
2194.36	2935.76
2229.85	3247.3
2265.92	3123.79
2302.57	3004.49
2339.81	2889.2
2377.66	2777.82
2416.11	2670.37
2455.19	2566.66
2494.9	2466.64
2535.26	2370.11
2576.26	2277.03
2617.93	2187.33
2660.27	2100.97
2703.3	2017.65
2747.03	1937.4
2791.46	1860.14
2836.61	1785.84
2882.49	1714.21
2929.11	1645.28
2976.48	1578.97
3024.63	1515.23
3073.55	1453.86
3123.26	1394.88
3173.78	1338.12
3225.11	1283.6
3277.27	1231.19
3330.28	1180.84
3384.15	1132.44
3438.88	1085.92
3494.5	1041.21
3551.02	998.33
3608.46	957.137
3666.82	917.57
3726.13	879.581
3786.4	843.113
3847.64	808.097
3909.87	774.492
3973.11	742.246
4037.37	711.304
4102.68	681.612
4169.03	653.122
4236.46	625.793
4304.99	599.581
4374.62	574.441
4445.37	550.324
4517.27	527.192
4590.34	505.02
4664.58	483.755
4740.03	463.37
4816.69	443.822
4894.6	425.084
4973.77	407.127
5054.21	389.909
5135.96	373.409
5219.03	357.594
5303.44	342.44
5389.22	327.913
5476.39	313.995
5564.97	300.66
5654.98	287.878
5746.44	275.64
5839.38	263.909
5933.83	252.67
6029.81	241.906
6127.33	231.598
6226.44	221.721
6327.15	212.262
6429.48	203.199
6533.48	194.519
6639.15	186.207
6746.53	178.244
6855.65	170.619
6966.54	163.319
7079.22	156.327
7193.72	149.627
7310.07	143.219
7428.31	137.081
7548.45	131.197
7670.54	125.569
7794.61	120.176
7920.68	115.015
8048.79	110.078
8178.97	105.349
8311.26	100.817
8445.69	96.4791
8582.29	92.3274
8721.11	88.3525
8862.16	84.5471
9005.5	80.9046
9151.16	77.4164
9299.17	74.0777
9449.58	70.8815
9602.42	67.8223
9757.73	64.8932
9915.55	62.0886
10075.9	59.4048
10238.9	56.8357
10404.5	54.3765
10572.8	52.0222
10743.8	49.7686
10917.6	47.6117
11094.2	45.5472
11273.6	43.5704
11455.9	41.6782
11641.2	39.8673
11829.5	38.134
12020.8	36.4747
12215.3	34.887
12412.9	33.3665
12613.6	31.9116
12817.6	30.5189
13025	29.1862
13235.6	27.91
13449.7	26.6889
13667.2	25.5198
13888.3	24.4011
14112.9	23.3301
14341.2	22.3053
14573.1	21.3241
14808.9	20.3853
15048.4	19.4865
15291.8	18.6264
15539.1	17.803
15790.4	17.0149
16045.8	16.2608
16305.4	108.608
16569.1	104.313
16837.1	100.17
17109.4	96.1744
17386.1	92.3217
17667.4	88.6097
17953.1	85.0319
18243.5	81.5863
18538.6	78.2684
18838.4	75.0736
19143.1	71.9992
19452.7	69.041
19767.4	66.1955
20087.1	63.4586
20412	60.8271
20742.1	58.2972
21077.6	55.8658
21418.5	53.5295
21765	51.2852
22117	49.1291
22474.7	47.0585
22838.2	45.0703
23207.6	43.1618
23583	41.3299
23964.4	39.5716
24352	37.8845
24745.9	36.2662
25146.1	34.7137
25552.9	33.2245
25966.2	31.7964
26386.1	30.4271
26812.9	29.1145
27246.6	27.8562
27687.3	26.65
28135.1	25.4942
28590.2	24.3866
29052.6	23.3253
29522.5	22.3088
30000	21.3348
