10	57080.2
10.1617	55332.9
10.3261	53639.7
10.4931	51997.9
10.6628	50406.4
10.8353	48863.9
11.0106	47368.8
11.1886	45918.7
11.3696	44513.4
11.5535	43009.9
11.7404	41117.2
11.9303	39307.4
12.1232	37577.1
12.3193	35923.2
12.5186	34397.5
12.721	33158.7
12.9268	31965.2
13.1359	30814.4
13.3483	29704.8
13.5642	28523.7
13.7836	27383.5
14.0066	26288.9
14.2331	25174.1
14.4633	23947.7
14.6973	22781.3
14.935	21671.6
15.1765	20839
15.422	20103
15.6714	19392.8
15.9249	19232.9
16.1825	19141.9
16.4442	19055.4
16.7102	19351.2
16.9805	19673.4
17.2551	20233.4
17.5342	20933.7
17.8178	21834
18.106	22772.9
18.3989	25277.9
18.6964	29586.3
18.9988	35455.1
19.3061	42814.1
19.6184	51699.3
19.9357	60075.4
20.2582	65248.1
20.5858	70695.2
20.9188	72960
21.2571	75298.3
21.6009	77711.3
21.9503	80201.1
22.3053	81604.8
22.6661	82352.3
23.0327	83105.9
23.4053	83867
23.7838	84635.2
24.1685	84973.2
24.5594	85267.3
24.9566	85562.6
25.3603	85858.8
25.7705	86155.6
26.1873	85483.7
26.6109	84514.9
27.0413	83556.6
27.4786	82609.5
27.9231	81673.2
28.3747	80747.8
28.8337	79704
29.3	78421.1
29.7739	77158.3
30.2555	75916.4
30.7449	74693.9
31.2421	73491.7
31.7475	72308.2
32.2609	71144.4
32.7827	69998.6
33.313	67485.1
33.8518	64834.4
34.3993	62287.3
34.9557	59840.8
35.5211	57490.5
36.0956	55232
36.6794	53062.5
37.2727	50775
37.8755	48567.2
38.4882	46455.6
39.1107	44435.8
39.7433	42503.7
40.3861	40617.9
41.0393	38498.6
41.7031	36489.9
42.3776	34586
43.063	32781.3
43.7595	31070.9
44.4673	29449.8
45.1865	27913.2
45.9174	26456.8
46.66	25076.3
47.4147	23814.7
48.1816	22619
48.9609	21483.4
49.7528	20404.8
50.5576	19380.4
51.3753	18407.4
52.2062	17483.2
53.0506	16605.4
53.9087	15771.8
54.7806	14979.9
55.6667	14285.6
56.567	13753.4
57.482	13241
58.4117	12747.6
59.3564	12272.7
60.3165	11815.4
61.2921	11375.3
62.2834	10951.5
63.2908	10543.4
64.3145	10150.6
65.3547	9772.42
66.4118	9412.12
67.4859	9078.07
68.5775	8755.92
69.6867	8445.17
70.8138	8145.47
71.9592	7856.37
73.123	7577.57
74.3057	7308.65
75.5076	7048.88
76.7289	6797.58
77.9699	6555.21
79.231	6321.51
80.5125	6121.22
81.8147	5926.71
83.138	5660.96
84.4827	5580.13
85.8492	5590.17
87.2377	6352.78
88.6487	10530.3
90.0825	19762.9
91.5395	37088.4
93.0201	23300.3
94.5247	9396.94
96.0535	9123.48
97.6071	14310.6
99.1858	26954.2
100.79	50770.8
102.42	95626.9
104.077	118109
105.76	122196
107.471	119499
109.209	102419
110.975	83382.4
112.77	67887.7
114.594	59750.6
116.448	53188.7
118.331	47844.1
120.245	43948.9
122.19	40370.9
124.166	37083.8
126.175	34018.1
128.215	30749.8
130.289	27796.7
132.397	25127.6
134.538	22880.5
136.714	21440.7
138.925	20091.5
141.172	18827.2
143.456	17485.3
145.776	16155.4
148.134	14926.8
150.53	13791.6
152.964	12742.5
155.439	11649.1
157.953	10326
160.507	9152.84
163.103	8113.19
165.742	7215.44
168.422	6431.62
171.146	5733.12
173.915	5135.89
176.727	4782.6
179.586	4453.77
182.491	4147.54
185.442	3862.29
188.442	3596.74
191.49	3349.36
194.587	3139.68
197.734	2955.62
200.932	2782.35
204.182	2619.26
207.485	2558.12
210.84	2511.86
214.251	2466.44
217.716	2421.83
221.237	2378.04
224.816	2335.03
228.452	2292.81
232.147	2274.31
235.902	2266.37
239.717	2258.47
243.595	2250.59
247.535	2239.48
251.538	2225.66
255.607	2211.92
259.741	2198.27
263.942	2189.61
268.211	2204.06
272.549	2218.6
276.957	2233.25
281.437	2247.99
285.989	2262.82
290.615	2277.75
295.315	2278.76
300.092	2274.47
304.945	2270.2
309.878	2265.92
314.89	2272.91
319.983	2300.56
325.158	2328.54
330.418	2356.84
335.762	2398.03
341.192	2444.45
346.711	2491.74
352.319	2550.12
358.017	2682.36
363.808	2821.44
369.692	2991.34
375.672	3254.14
381.748	3540.06
387.922	3851.14
394.197	4189.46
400.573	4510.53
407.052	4776.72
413.635	5058.69
420.326	5357.18
427.124	5673.36
434.032	6008.2
441.052	6362.79
448.186	6715.62
455.435	7026.02
462.802	7350.76
470.287	7666.46
477.894	7885.47
485.623	8110.77
493.478	8342.48
501.459	8510.77
509.57	8561.56
517.812	8612.68
526.187	8664.08
534.698	8715.78
543.346	8767.83
552.134	8809.9
561.065	8828.04
570.14	8846.22
579.361	8864.41
588.732	8882.65
598.254	8900.92
607.93	8897.9
617.763	8894.56
627.755	8891.21
637.909	8887.85
648.226	8884.49
658.711	8873.98
669.365	8860.04
680.191	8846.11
691.193	8832.23
702.372	8818.34
713.733	8759.71
725.277	8623.66
737.008	8489.67
748.928	8357.79
761.042	8219.66
773.351	8078.09
785.859	7938.95
798.57	7802.21
811.486	7648.19
824.611	7492.96
837.949	7340.87
851.502	7191.89
865.274	7045.92
879.269	6929.56
893.491	6824.77
907.942	6721.53
922.628	6648.88
937.551	6588.5
952.715	6528.65
968.124	6469.36
983.783	6410.59
999.695	6303.94
1015.86	6011.76
1032.29	6204.5
1048.99	6226.56
1065.96	6055.08
1083.2	5888.12
1100.72	5725.73
1118.52	5567.77
1136.61	5414.04
1155	5264.52
1173.68	5119.01
1192.66	4977.45
1211.95	4839.72
1231.55	4705.71
1251.47	4580.08
1271.72	4462.81
1292.28	4354.52
1313.19	4248.77
1334.43	4145.55
1356.01	4044.79
1377.94	3946.32
1400.23	3850.19
1422.88	3756.34
1445.89	3664.62
1469.28	3572.17
1493.04	3477.63
1517.19	3367.76
1541.73	3258.87
1566.67	3153.38
1592.01	3051.18
1617.76	2952.26
1643.92	2856.52
1670.51	2763.79
1697.53	2673.99
1724.99	2587.02
1752.89	2501.26
1781.24	2417.78
1810.05	2336.59
1839.32	2258.08
1869.07	2182.2
1899.3	2108.85
1930.02	2037.87
1961.24	1969.23
1992.96	1902.85
2025.2	1839.61
2057.95	1776.61
2091.24	1715.54
2125.06	1656.39
2159.43	1598.99
2194.36	1543.46
2229.85	1489.61
2265.92	1437.46
2302.57	1386.92
2339.81	1338.08
2377.66	1290.72
2416.11	1244.85
2455.19	1200.51
2494.9	1157.56
2535.26	1116.01
2576.26	1075.84
2617.93	1036.96
2660.27	999.427
2703.3	963.033
2747.03	927.864
2791.46	893.879
2836.61	861.029
2882.49	829.256
2929.11	798.561
2976.48	768.893
3024.63	740.236
3073.55	712.535
3123.26	685.772
3173.78	659.922
3225.11	634.955
3277.27	610.832
3330.28	587.546
3384.15	1412.02
3438.88	1352.82
3494.5	1857.87
3551.02	1783.32
3608.46	1711.86
3666.82	1643.26
3726.13	1577.51
3786.4	1514.45
3847.64	1453.98
3909.87	1395.91
3973.11	1340.18
4037.37	1286.78
4102.68	1441.85
4169.03	1385.02
4236.46	1330.48
4304.99	1278.11
4374.62	1227.82
4445.37	1179.53
4517.27	1133.18
4590.34	1088.57
4664.58	1045.83
4740.03	1004.71
4816.69	965.3
4894.6	982.025
4973.77	944.891
5054.21	909.198
5135.96	874.852
5219.03	876.716
5303.44	843.226
5389.22	810.921
5476.39	779.763
5564.97	749.713
5654.98	720.746
5746.44	692.813
5839.38	665.906
5933.83	639.967
6029.81	614.997
6127.33	590.934
6226.44	567.761
6327.15	545.455
6429.48	523.987
6533.48	503.319
6639.15	483.434
6746.53	464.306
6855.65	445.903
6966.54	428.201
7079.22	411.17
7193.72	394.802
7310.07	379.059
7428.31	363.93
7548.45	349.385
7670.54	335.41
7794.61	321.971
7920.68	309.069
8048.79	296.663
8178.97	284.749
8311.26	273.297
8445.69	262.302
8582.29	251.746
8721.11	241.601
8862.16	231.866
9005.5	222.515
9151.16	213.532
9299.17	204.915
9449.58	196.639
9602.42	188.693
9757.73	181.066
9915.55	173.741
10075.9	166.547
10238.9	159.646
10404.5	153.025
10572.8	146.676
10743.8	140.587
10917.6	134.749
11094.2	129.153
11273.6	123.787
11455.9	118.644
11641.2	113.717
11829.5	108.995
12020.8	104.471
12215.3	100.138
12412.9	95.9851
12613.6	92.0091
12817.6	88.2006
13025	84.5545
13235.6	81.0615
13449.7	77.7179
13667.2	74.5162
13888.3	71.4519
14112.9	68.5178
14341.2	65.7097
14573.1	63.0212
14808.9	60.4491
15048.4	57.9868
15291.8	55.6303
15539.1	53.3752
15790.4	51.2171
16045.8	49.1523
16305.4	110.236
16569.1	105.485
16837.1	100.938
17109.4	96.588
17386.1	92.425
17667.4	88.4425
17953.1	84.6304
18243.5	80.9833
18538.6	77.4935
18838.4	74.1536
19143.1	70.958
19452.7	67.9
19767.4	92.2685
20087.1	88.7083
20412	85.2858
20742.1	94.2162
21077.6	90.4918
21418.5	86.9042
21765	83.451
22117	80.1268
22474.7	76.9273
22838.2	73.8486
23207.6	70.8869
23583	68.0379
23964.4	65.2978
24352	62.6628
24745.9	60.1297
25146.1	57.6946
25552.9	55.3539
25966.2	53.1044
26386.1	50.9425
26812.9	48.8657
27246.6	46.8706
27687.3	44.9541
28135.1	43.1133
28590.2	41.3457
29052.6	39.6482
29522.5	38.0185
30000	36.4538
