10	4462.97
10.1617	4499.42
10.3261	4536.1
10.4931	4573.15
10.6628	4610.49
10.8353	4648.09
11.0106	4685.99
11.1886	4724.3
11.3696	4762.83
11.5535	4801.71
11.7404	4837.84
11.9303	4872.11
12.1232	4906.65
12.3193	4941.41
12.5186	5023.23
12.721	5109.24
12.9268	5196.62
13.1359	5289.49
13.3483	5388.11
13.5642	5488.51
13.7836	5590.76
14.0066	5694.88
14.2331	5788.76
14.4633	5883.36
14.6973	5979.46
14.935	6060.08
15.1765	6104.04
15.422	6148.25
15.6714	6192.84
15.9249	6278.08
16.1825	6379.86
16.4442	6483.34
16.7102	6588.45
16.9805	6672.82
17.2551	6748.76
17.5342	6825.52
17.8178	6893.83
18.106	6937.72
18.3989	6981.88
18.6964	7036.31
18.9988	7126.21
19.3061	7217.27
19.6184	7315.82
19.9357	7451.28
20.2582	7589.21
20.5858	7674.87
20.9188	7736.31
21.2571	7798.29
21.6009	7859.33
21.9503	7918.96
22.3053	7979.08
22.6661	8043.87
23.0327	8363.29
23.4053	8695.32
23.7838	9193.91
24.1685	10029.2
24.5594	10949.7
24.9566	12117.3
25.3603	13431
25.7705	16586.1
26.1873	24017.6
26.6109	27098.4
27.0413	33471.9
27.4786	38530.1
27.9231	42901.3
28.3747	48086.2
28.8337	53537.1
29.3	58410.8
29.7739	63460.2
30.2555	68732.9
30.7449	71126.7
31.2421	73092.9
31.7475	74463.7
32.2609	75836.6
32.7827	76555.8
33.313	76553.6
33.8518	76551.4
34.3993	76415.5
34.9557	76250.2
35.5211	76085.6
36.0956	75294.1
36.6794	74313
37.2727	73378.7
37.8755	72549.5
38.4882	71728.6
39.1107	70430.9
39.7433	68492
40.3861	66598.3
41.0393	64740.7
41.7031	62932
42.3776	61012.3
43.063	59150.9
43.7595	57875.3
44.4673	56674.1
45.1865	55497.5
45.9174	54345.6
46.66	53404.3
47.4147	52502.2
48.1816	51615.5
48.9609	50539.4
49.7528	49240.5
50.5576	47974.9
51.3753	46784
52.2062	45786.7
53.0506	44810.6
53.9087	43855.3
54.7806	42906.1
55.6667	41966.9
56.567	41048.2
57.482	40149.6
58.4117	39294.7
59.3564	38465.6
60.3165	37654.1
61.2921	36948.7
62.2834	36294.5
63.2908	35652
64.3145	35033.5
65.3547	34613.2
66.4118	34197.9
67.4859	33787.7
68.5775	33383.9
69.6867	32989.7
70.8138	32600.3
71.9592	32215.4
73.123	31835
74.3057	31527.4
75.5076	31235.6
76.7289	30946.5
77.9699	30660
79.231	30354.7
80.5125	30040.4
81.8147	29729.4
83.138	29421.7
84.4827	29141.7
85.8492	28936.3
87.2377	28732.3
88.6487	28529.8
90.0825	28328.7
91.5395	28212.5
93.0201	28137.3
94.5247	28030.1
96.0535	27790.7
97.6071	27553.2
99.1858	27317.8
100.79	27084.7
102.42	26853.3
104.077	26624
105.76	26396.4
107.471	26170.9
109.209	25947.6
110.975	25820.9
112.77	25955.2
114.594	26090.2
116.448	25891.3
118.331	25601.1
120.245	25327.2
122.19	25069.4
124.166	24814.3
126.175	24561.6
128.215	24364.8
130.289	24198.9
132.397	24034
134.538	23671.1
136.714	23268.1
138.925	22871.8
141.172	22777.9
143.456	22700.7
145.776	22313.8
148.134	21933.2
150.53	21271.1
152.964	20607.7
155.439	19965.3
157.953	18657.6
160.507	17214.2
163.103	15993.2
165.742	14377.8
168.422	13063
171.146	18206.9
173.915	45778.2
176.727	40961.8
179.586	35472.9
182.491	30888.3
185.442	27638.8
188.442	25531.2
191.49	24476.2
194.587	23775.5
197.734	23094.5
200.932	22432.7
204.182	22041.9
207.485	21716.8
210.84	21461.9
214.251	21210.4
217.716	20963.3
221.237	20720.8
224.816	20481.7
228.452	20245.4
232.147	20011.4
235.902	19770.6
239.717	19521.2
243.595	19260.8
247.535	19003.9
251.538	18750.6
255.607	18500.7
259.741	18245.7
263.942	17970.4
268.211	17672.9
272.549	17380.8
276.957	17093.5
281.437	16810.9
285.989	16524.8
290.615	16241
295.315	15959.2
300.092	15681.6
304.945	15409
309.878	15141.6
314.89	14878.8
319.983	14620.4
325.158	14366.4
330.418	14116.5
335.762	13901.8
341.192	13752.8
346.711	13606.1
352.319	13461.1
358.017	13317.4
363.808	13174.9
369.692	13033.5
375.672	12892.7
381.748	12752.2
387.922	12610.6
394.197	12465
400.573	12321.3
407.052	12179.3
413.635	12039.5
420.326	11897.8
427.124	11752.5
434.032	11586.4
441.052	11422.8
448.186	11261.6
455.435	11102.9
462.802	10934.7
470.287	10761.5
477.894	10584.9
485.623	10411.2
493.478	10239.2
501.459	10065.9
509.57	9887.24
517.812	9704.18
526.187	9511.52
534.698	9298.92
543.346	9079.48
552.134	8865.31
561.065	8650.65
570.14	8438.38
579.361	8229.39
588.732	8025.3
598.254	7826.03
607.93	7631.73
617.763	7442.28
627.755	7257.01
637.909	7070.63
648.226	6880.7
658.711	6690.57
669.365	6505.63
680.191	6336.24
691.193	6179.06
702.372	6026.81
713.733	5867.02
725.277	5703.82
737.008	5545.03
748.928	5390.65
761.042	5240.48
773.351	5093.45
785.859	4947.22
798.57	4802.54
811.486	4662.07
824.611	4525.64
837.949	4393.2
851.502	4264.19
865.274	4138.6
879.269	4016.38
893.491	3897.7
907.942	3782.47
922.628	3670.65
937.551	3560.95
952.715	3454.26
968.124	3350.52
983.783	3249.74
999.695	3151.43
1015.86	3055.53
1032.29	2957.79
1048.99	2862.66
1065.96	2770.07
1083.2	2680.42
1100.72	2593.61
1118.52	2509.54
1136.61	2428.09
1155	2349.28
1173.68	2273.02
1192.66	2199.1
1211.95	2127.58
1231.55	2058.33
1251.47	1991.26
1271.72	1926.36
1292.28	1863.53
1313.19	1802.69
1334.43	1743.81
1356.01	1686.83
1377.94	1631.61
1400.23	1578.19
1422.88	1526.51
1445.89	1476.5
1469.28	7249.09
1493.04	6963.29
1517.19	6688.8
1541.73	6425.15
1566.67	6171.9
1592.01	5928.53
1617.76	5694.69
1643.92	5469.97
1670.51	5254.07
1697.53	5046.68
1724.99	4847.47
1752.89	4656.07
1781.24	4472.24
1810.05	4295.69
1839.32	4126.09
1869.07	3963.19
1899.3	4469.13
1930.02	4290.12
1961.24	4118.32
1992.96	3953.4
2025.2	3796.06
2057.95	3644.16
2091.24	3750.81
2125.06	3602.86
2159.43	3460.81
2194.36	3324.43
2229.85	3193.56
2265.92	3067.87
2302.57	3066.46
2339.81	2966.91
2377.66	2855.77
2416.11	2748.6
2455.19	2645.31
2494.9	2545.64
2535.26	2449.67
2576.26	2357.18
2617.93	2268.02
2660.27	2182.17
2703.3	2099.35
2747.03	2019.69
2791.46	1942.96
2836.61	1869.06
2882.49	1797.88
2929.11	1729.33
2976.48	1663.3
3024.63	1599.76
3073.55	1538.63
3123.26	1479.75
3173.78	1423.01
3225.11	1368.43
3277.27	1315.92
3330.28	1265.35
3384.15	1216.69
3438.88	1169.8
3494.5	1124.75
3551.02	1081.37
3608.46	1039.58
3666.82	999.431
3726.13	960.742
3786.4	923.526
3847.64	887.722
3909.87	853.269
3973.11	820.122
4037.37	788.236
4102.68	757.555
4169.03	728.031
4236.46	699.646
4304.99	672.326
4374.62	646.066
4445.37	620.787
4517.27	596.476
4590.34	573.107
4664.58	550.631
4740.03	529.009
4816.69	508.215
4894.6	488.223
4973.77	468.995
5054.21	450.505
5135.96	432.726
5219.03	415.628
5303.44	399.198
5389.22	383.391
5476.39	368.201
5564.97	353.595
5654.98	339.552
5746.44	326.056
5839.38	313.078
5933.83	300.603
6029.81	288.61
6127.33	277.078
6226.44	265.998
6327.15	255.344
6429.48	245.106
6533.48	235.257
6639.15	225.799
6746.53	216.706
6855.65	207.965
6966.54	199.564
7079.22	191.492
7193.72	183.735
7310.07	176.277
7428.31	169.11
7548.45	162.221
7670.54	155.602
7794.61	149.239
7920.68	143.124
8048.79	137.248
8178.97	131.603
8311.26	126.182
8445.69	120.975
8582.29	115.962
8721.11	308.106
8862.16	294.264
9005.5	281.042
9151.16	268.41
9299.17	256.349
9449.58	244.833
9602.42	233.832
9757.73	312.255
9915.55	298.055
10075.9	284.561
10238.9	307.367
10404.5	295.712
10572.8	284.442
10743.8	273.548
10917.6	263.019
11094.2	252.852
11273.6	243.031
11455.9	233.552
11641.2	224.406
11829.5	215.584
12020.8	207.076
12215.3	198.876
12412.9	190.969
12613.6	183.354
12817.6	176.017
13025	168.954
13235.6	162.15
13449.7	155.603
13667.2	149.301
13888.3	143.24
14112.9	137.408
14341.2	131.8
14573.1	126.406
14808.9	121.223
15048.4	116.239
15291.8	111.45
15539.1	106.848
15790.4	102.427
16045.8	98.1805
16305.4	94.1028
16569.1	90.1862
16837.1	86.4262
17109.4	82.8164
17386.1	79.3513
17667.4	76.0268
17953.1	72.8354
18243.5	69.7738
18538.6	66.8367
18838.4	64.0185
19143.1	61.3159
19452.7	58.7238
19767.4	56.2384
20087.1	53.8549
20412	51.5698
20742.1	49.3789
21077.6	47.2788
21418.5	45.2659
21765	43.3369
22117	41.488
22474.7	39.7162
22838.2	38.0186
23207.6	36.392
23583	34.8338
23964.4	33.3409
24352	31.9109
24745.9	30.5413
25146.1	29.2295
25552.9	27.9731
25966.2	26.7698
26386.1	25.6174
26812.9	24.5141
27246.6	23.4577
27687.3	22.4461
28135.1	21.4777
28590.2	20.5506
29052.6	19.663
29522.5	18.8133
30000	18.0001
