10	87936.2
10.1617	90883.3
10.3261	93926.3
10.4931	97073.1
10.6628	100325
10.8353	103685
11.0106	107156
11.1886	110749
11.3696	114249
11.5535	117093
11.7404	120008
11.9303	122995
12.1232	126059
12.3193	129197
12.5186	131682
12.721	133285
12.9268	134904
13.1359	136545
13.3483	138207
13.5642	139887
13.7836	141527
14.0066	143084
14.2331	144660
14.4633	146133
14.6973	145660
14.935	145190
15.1765	144722
15.422	146036
15.6714	147999
15.9249	149989
16.1825	152005
16.4442	152074
16.7102	151910
16.9805	151747
17.2551	151584
17.5342	151421
17.8178	151258
18.106	149243
18.3989	146252
18.6964	143321
18.9988	140448
19.3061	137634
19.6184	134875
19.9357	132173
20.2582	128911
20.5858	124362
20.9188	119974
21.2571	115741
21.6009	111657
21.9503	107343
22.3053	102768
22.6661	98398.7
23.0327	94397
23.4053	90558.6
23.7838	86875.7
24.1685	83874
24.5594	81103.9
24.9566	78425.1
25.3603	75771.8
25.7705	73219.6
26.1873	70753
26.6109	68369.9
27.0413	66066.8
27.4786	63164.1
27.9231	60119.3
28.3747	57220.9
28.8337	54462.6
29.3	52322.4
29.7739	50846.6
30.2555	49412.4
30.7449	48046.9
31.2421	47615.3
31.7475	47187.8
32.2609	46764
32.7827	46726.5
33.313	47171.5
33.8518	47621
34.3993	48074.8
34.9557	48532.6
35.5211	49033.5
36.0956	50558.4
36.6794	52130.8
37.2727	53751.9
37.8755	55423.6
38.4882	58380.5
39.1107	62266.2
39.7433	66411.6
40.3861	72222.4
41.0393	80255.6
41.7031	89181.9
42.3776	97337.8
43.063	106219
43.7595	112890
44.4673	118342
45.1865	123001
45.9174	126281
46.66	129650
47.4147	132313
48.1816	133092
48.9609	130644
49.7528	128240
50.5576	125881
51.3753	123565
52.2062	121132
53.0506	118639
53.9087	116198
54.7806	113808
55.6667	109588
56.567	104931
57.482	100472
58.4117	96202.9
59.3564	92114.8
60.3165	87634.4
61.2921	83369.7
62.2834	79312.6
63.2908	75758.5
64.3145	72662.3
65.3547	69805.6
66.4118	67248.1
67.4859	64784
68.5775	62410.5
69.6867	60123.9
70.8138	57921
71.9592	55798.8
73.123	53754.4
74.3057	51731.2
75.5076	49775.1
76.7289	47893
77.9699	46379.4
79.231	45394.6
80.5125	44430.8
81.8147	43487.4
83.138	42564
84.4827	41660.2
85.8492	40775.6
87.2377	39909.8
88.6487	39316
90.0825	38828.6
91.5395	38347.2
93.0201	37871.7
94.5247	37402.2
96.0535	36938.5
97.6071	36480.5
99.1858	36028.3
100.79	35581.5
102.42	35140.4
104.077	34704.6
105.76	34274.4
107.471	33911.8
109.209	33581.7
110.975	33254.9
112.77	32931.2
114.594	32610.7
116.448	32293.2
118.331	31978.9
120.245	31651.8
122.19	31135.4
124.166	30627.4
126.175	30127.8
128.215	29636.3
130.289	29152.8
132.397	28677.3
134.538	28209.4
136.714	27748.8
138.925	27288.9
141.172	26836.7
143.456	26391.9
145.776	25954.5
148.134	25524.3
150.53	25101.2
152.964	24685.2
155.439	24276.1
157.953	23873.8
160.507	23478.1
163.103	23089
165.742	22706.3
168.422	22227.8
171.146	21757.1
173.915	21296.4
176.727	20845.5
179.586	20404.1
182.491	19972
185.442	19549.1
188.442	19135.2
191.49	18730
194.587	18315.3
197.734	17847.4
200.932	17391.5
204.182	16947.2
207.485	16514.3
210.84	16092.4
214.251	15681.4
217.716	15280.8
221.237	14890.4
224.816	14510.1
228.452	14139.4
232.147	13778.2
235.902	13426.2
239.717	13083.3
243.595	12717.3
247.535	12360.9
251.538	12014.4
255.607	11677.8
259.741	11350.5
263.942	11032.3
268.211	10723.1
272.549	10422.6
276.957	10130.5
281.437	9846.6
285.989	9570.67
290.615	9302.44
295.315	9019.99
300.092	8736.36
304.945	8461.61
309.878	8195.5
314.89	7937.78
319.983	7688.14
325.158	7446.37
330.418	7212.22
335.762	6985.41
341.192	6765.73
346.711	6552.98
352.319	6346.91
358.017	6141.18
363.808	5937.2
369.692	5739.96
375.672	5549.31
381.748	5364.97
387.922	5186.76
394.197	5014.48
400.573	4847.92
407.052	4686.89
413.635	4531.2
420.326	4365.88
427.124	4205.51
434.032	4051.03
441.052	3902.23
448.186	3758.9
455.435	3623.17
462.802	3506
470.287	3392.62
477.894	3282.9
485.623	3177.23
493.478	3080.55
501.459	2986.82
509.57	2895.95
517.812	24985.2
526.187	24112.2
534.698	23270
543.346	22457.1
552.134	21672.4
561.065	20893
570.14	20173.9
579.361	19768.8
588.732	19447.4
598.254	19179.2
607.93	18914.8
617.763	18654
627.755	18386.7
637.909	17999.9
648.226	17443.7
658.711	16791.9
669.365	16164.6
680.191	15595.3
691.193	15072.2
702.372	14572.6
713.733	14067.2
725.277	13564.3
737.008	13079
748.928	12610.7
761.042	12159.1
773.351	11722.7
785.859	11296.3
798.57	10880.9
811.486	10480.8
824.611	10095.7
837.949	9724.88
851.502	9366.34
865.274	9019.78
879.269	8685.01
893.491	8362.6
907.942	8052.17
922.628	7753.26
937.551	7460.14
952.715	7176.77
968.124	6903.05
983.783	6639.73
999.695	6386.47
1015.86	6142.86
1032.29	5908.52
1048.99	5681
1065.96	5459.99
1083.2	5247.53
1100.72	5043.35
1118.52	4847.1
1136.61	4658.52
1155	4477.29
1173.68	4303.07
1192.66	4135.64
1211.95	3974.73
1231.55	3820.05
1251.47	3670.57
1271.72	3526.16
1292.28	3386.42
1313.19	3252.16
1334.43	3123.22
1356.01	2999.37
1377.94	2880.46
1400.23	2766.26
1422.88	2656.55
1445.89	2551.27
1469.28	2449.87
1493.04	2352
1517.19	2256.42
1541.73	2164.53
1566.67	2076.41
1592.01	1991.8
1617.76	1910.65
1643.92	1832.83
1670.51	1758.15
1697.53	1686.52
1724.99	1617.83
1752.89	1551.36
1781.24	1487.43
1810.05	1426.01
1839.32	1367.1
1869.07	1310.61
1899.3	1256.45
1930.02	1204.53
1961.24	1154.78
1992.96	1107.1
2025.2	1061.7
2057.95	1017.67
2091.24	975.36
2125.06	934.784
2159.43	895.864
2194.36	858.539
2229.85	822.728
2265.92	788.394
2302.57	755.466
2339.81	723.886
2377.66	693.6
2416.11	664.557
2455.19	636.721
2494.9	610.025
2535.26	584.432
2576.26	559.895
2617.93	536.378
2660.27	513.827
2703.3	492.207
2747.03	471.493
2791.46	451.634
2836.61	432.6
2882.49	414.355
2929.11	396.863
2976.48	380.102
3024.63	364.044
3073.55	348.647
3123.26	333.894
3173.78	319.763
3225.11	306.218
3277.27	293.24
3330.28	280.792
3384.15	268.877
3438.88	257.458
3494.5	246.512
3551.02	236.024
3608.46	225.979
3666.82	216.354
3726.13	207.132
3786.4	198.296
3847.64	189.829
3909.87	181.718
3973.11	173.95
4037.37	166.501
4102.68	159.375
4169.03	152.537
4236.46	145.991
4304.99	139.724
4374.62	133.714
4445.37	127.959
4517.27	122.443
4590.34	117.166
4664.58	112.102
4740.03	107.257
4816.69	102.619
4894.6	98.1689
4973.77	93.9087
5054.21	89.8279
5135.96	85.9197
5219.03	82.1763
5303.44	78.5898
5389.22	75.1548
5476.39	603.042
5564.97	580.02
5654.98	557.784
5746.44	536.266
5839.38	515.47
5933.83	495.373
6029.81	475.964
6127.33	457.215
6226.44	439.123
6327.15	421.667
6429.48	404.832
6533.48	388.596
6639.15	372.941
6746.53	357.866
6855.65	343.347
6966.54	329.356
7079.22	315.888
7193.72	302.929
7310.07	290.453
7428.31	278.458
7548.45	266.921
7670.54	255.824
7794.61	245.162
7920.68	234.91
8048.79	225.057
8178.97	215.596
8311.26	206.505
8445.69	197.772
8582.29	189.391
8721.11	181.344
8862.16	173.62
9005.5	166.215
9151.16	159.099
9299.17	152.278
9449.58	145.733
9602.42	139.458
9757.73	133.443
9915.55	127.676
10075.9	122.145
10238.9	116.844
10404.5	111.762
10572.8	106.894
10743.8	102.228
10917.6	97.7591
11094.2	93.4783
11273.6	89.3771
11455.9	85.4498
11641.2	81.6894
11829.5	78.0892
12020.8	74.6416
12215.3	71.3425
12412.9	68.1833
12613.6	65.1605
12817.6	62.2673
13025	59.4996
13235.6	56.8503
13449.7	54.3163
13667.2	51.8916
13888.3	49.5727
14112.9	47.3543
14341.2	45.233
14573.1	43.2037
14808.9	41.264
15048.4	39.4087
15291.8	37.6349
15539.1	35.9389
15790.4	34.3176
16045.8	32.7679
16305.4	31.2868
16569.1	29.8709
16837.1	28.5178
17109.4	27.2246
17386.1	25.9888
17667.4	24.8083
17953.1	23.6799
18243.5	22.602
18538.6	21.5723
18838.4	20.5884
19143.1	19.6486
19452.7	18.7509
19767.4	17.8936
20087.1	17.0746
20412	16.2925
20742.1	15.5456
21077.6	14.8323
21418.5	14.1512
21765	13.5009
22117	12.8799
22474.7	12.287
22838.2	11.721
23207.6	11.1806
23583	10.6648
23964.4	10.1723
24352	9.70227
24745.9	9.25365
25146.1	8.82548
25552.9	8.41675
25966.2	8.02671
26386.1	7.65438
26812.9	7.29917
27246.6	6.96021
27687.3	6.63674
28135.1	6.32808
28590.2	6.0336
29052.6	5.75261
29522.5	5.48453
30000	5.22878
