10	1e-10
10.1617	1.00001e-10
10.3261	1.00001e-10
10.4931	1.00001e-10
10.6628	1.00001e-10
10.8353	1.00001e-10
11.0106	1e-10
11.1886	1.00001e-10
11.3696	1.00001e-10
11.5535	1.00001e-10
11.7404	1e-10
11.9303	1e-10
12.1232	0.4981
12.3193	46452
12.5186	47661.1
12.721	199043
12.9268	230275
13.1359	248392
13.3483	260396
13.5642	271215
13.7836	278998
14.0066	287176
14.2331	296030
14.4633	295510
14.6973	293748
14.935	291997
15.1765	290258
15.422	286515
15.6714	280030
15.9249	273691
16.1825	267497
16.4442	261442
16.7102	253754
16.9805	244208
17.2551	235019
17.5342	226175
17.8178	217666
18.106	209477
18.3989	201366
18.6964	193056
18.9988	185091
19.3061	177455
19.6184	170134
19.9357	163114
20.2582	156385
20.5858	149932
20.9188	143746
21.2571	137815
21.6009	132129
21.9503	126347
22.3053	118408
22.6661	110969
23.0327	103997
23.4053	97463.3
23.7838	91338.9
24.1685	85600
24.5594	80221.6
24.9566	75181
25.3603	70457.6
25.7705	66030.9
26.1873	61882
26.6109	57994.1
27.0413	54350.2
27.4786	50839
27.9231	47546.6
28.3747	44467
28.8337	41587.2
29.3	38893.5
29.7739	36374.5
30.2555	34018.6
30.7449	31815.5
31.2421	29754.6
31.7475	27827.7
32.2609	25940.8
32.7827	23896.7
33.313	22013.9
33.8518	20279.2
34.3993	18681.1
34.9557	17209.1
35.5211	15853
36.0956	14603.8
36.6794	13453.1
37.2727	12537.7
37.8755	11719.6
38.4882	10955
39.1107	10240.2
39.7433	9743.38
40.3861	9336.6
41.0393	8946.83
41.7031	8573.26
42.3776	8221.1
43.063	7943.54
43.7595	7675.31
44.4673	7416.13
45.1865	7165.74
45.9174	6923.83
46.66	6768.21
47.4147	6624.49
48.1816	6483.83
48.9609	6353.43
49.7528	6310.95
50.5576	6268.75
51.3753	6226.83
52.2062	6210.15
53.0506	6222.52
53.9087	6234.95
54.7806	6247.34
55.6667	6279.51
56.567	6333.46
57.482	6387.86
58.4117	6442.73
59.3564	6498.04
60.3165	6758.36
61.2921	7103.51
62.2834	7967.9
63.2908	13166.4
64.3145	21756.8
65.3547	35952
66.4118	35287.6
67.4859	30043.2
68.5775	25578.7
69.6867	24206.9
70.8138	27744.7
71.9592	31800.1
73.123	36447.6
74.3057	41774.8
75.5076	47879.9
76.7289	54266.3
77.9699	60472.9
79.231	67389.5
80.5125	73288.8
81.8147	79324.1
83.138	85856
84.4827	92478.1
85.8492	97064.7
87.2377	101879
88.6487	106931
90.0825	112235
91.5395	115498
93.0201	118508
94.5247	121596
96.0535	123751
97.6071	123588
99.1858	123425
100.79	123262
102.42	122367
104.077	119929
105.76	117540
107.471	115198
109.209	110573
110.975	105794
112.77	101222
114.594	92886
116.448	85178.7
118.331	78108
120.245	71625.3
122.19	64893.9
124.166	56710.8
126.175	49562.1
128.215	43310.9
130.289	37850.3
132.397	33079.2
134.538	28907.6
136.714	25262.7
138.925	22077
141.172	19335.3
143.456	16939.8
145.776	14840.4
148.134	13001.5
150.53	11390.3
152.964	9970.15
155.439	8667.94
157.953	7535.41
160.507	6609.22
163.103	5910.72
165.742	5286.25
168.422	4772.86
171.146	4537.26
173.915	4313.35
176.727	4154.53
179.586	4156.06
182.491	4157.59
185.442	4185.81
188.442	4221.25
191.49	4257.05
194.587	4350.04
197.734	4488.66
200.932	4631.68
204.182	4779.25
207.485	4933.13
210.84	5093.09
214.251	5258.1
217.716	5428.55
221.237	5604.53
224.816	5774.47
228.452	5948.65
232.147	6128.08
235.902	6312.9
239.717	6503.37
243.595	6699.47
247.535	6853.88
251.538	6974.6
255.607	7097.37
259.741	7222.34
263.942	7349.5
268.211	7478.89
272.549	7552.7
276.957	7577.69
281.437	7602.74
285.989	7627.9
290.615	7653.12
295.315	7678.46
300.092	7703.86
304.945	7630.95
309.878	7547.3
314.89	7464.58
319.983	7382.76
325.158	7301.84
330.418	7221.82
335.762	7142.66
341.192	7064.38
346.711	6986.95
352.319	6910.36
358.017	6834.62
363.808	6759.72
369.692	6685.62
375.672	6612.34
381.748	6515.58
387.922	6414.74
394.197	6315.46
400.573	6217.71
407.052	6121.48
413.635	6026.74
420.326	5933.46
427.124	5841.63
434.032	5751.22
441.052	5662.21
448.186	5574.58
455.435	5480.42
462.802	5345.99
470.287	5214.87
477.894	5086.96
485.623	4962.19
493.478	4840.48
501.459	4721.75
509.57	4605.94
517.812	4492.97
526.187	4382.76
534.698	4275.26
543.346	4170.4
552.134	4073.02
561.065	3980.25
570.14	3889.58
579.361	3800.99
588.732	3714.42
598.254	3629.81
607.93	3543.63
617.763	3453.53
627.755	3365.72
637.909	3280.14
648.226	3196.74
658.711	3115.46
669.365	3036.24
680.191	18713.9
691.193	17974.7
702.372	17264.7
713.733	16582.8
725.277	15927.7
737.008	15298.6
748.928	14694.3
761.042	14113.9
773.351	13556.4
785.859	13030
798.57	12540.7
811.486	12069.7
824.611	11616.4
837.949	11180.2
851.502	10760.3
865.274	10356.2
879.269	9967.26
893.491	9592.97
907.942	9573.95
922.628	9714.85
937.551	9857.83
952.715	10002.9
968.124	10075.8
983.783	9772.69
999.695	9478.67
1015.86	9193.46
1032.29	8916.85
1048.99	8649.01
1065.96	8391.22
1083.2	8141.07
1100.72	7898.4
1118.52	7662.89
1136.61	7434.47
1155	7212.86
1173.68	6997.78
1192.66	6789.21
1211.95	6586.81
1231.55	6390.43
1251.47	6189.58
1271.72	5983.4
1292.28	5770.06
1313.19	5564.28
1334.43	5365.89
1356.01	5174.57
1377.94	4990.05
1400.23	4812.1
1422.88	4640.5
1445.89	4474.99
1469.28	4315.45
1493.04	4161.61
1517.19	4013.5
1541.73	3870.69
1566.67	3733.01
1592.01	3600.15
1617.76	3472.04
1643.92	3348.51
1670.51	3229.31
1697.53	3114.38
1724.99	3003.56
1752.89	2895.17
1781.24	2790.2
1810.05	2688.65
1839.32	2590.72
1869.07	2496.4
1899.3	2405.59
1930.02	2317.99
1961.24	2233.6
1992.96	2152.28
2025.2	2074.89
2057.95	1998.62
2091.24	1924.91
2125.06	1853.77
2159.43	1785.14
2194.36	1718.92
2229.85	1655.05
2265.92	1593.42
2302.57	1533.91
2339.81	1476.57
2377.66	1421.2
2416.11	1367.79
2455.19	1316.32
2494.9	1266.58
2535.26	1218.74
2576.26	1172.52
2617.93	1127.96
2660.27	1085.03
2703.3	1043.59
2747.03	1003.68
2791.46	965.153
2836.61	928.039
2882.49	892.257
2929.11	857.76
2976.48	824.515
3024.63	792.48
3073.55	761.601
3123.26	731.83
3173.78	703.147
3225.11	675.51
3277.27	648.871
3330.28	623.206
3384.15	598.479
3438.88	574.655
3494.5	551.708
3551.02	529.596
3608.46	508.291
3666.82	487.77
3726.13	468.02
3786.4	448.978
3847.64	430.646
3909.87	412.991
3973.11	395.987
4037.37	379.614
4102.68	363.848
4169.03	348.672
4236.46	334.063
4304.99	319.991
4374.62	306.441
4445.37	293.403
4517.27	280.858
4590.34	268.775
4664.58	257.151
4740.03	245.967
4816.69	739.598
4894.6	708.484
4973.77	678.689
5054.21	650.136
5135.96	849.756
5219.03	815.032
5303.44	781.735
5389.22	749.798
5476.39	829.922
5564.97	797.322
5654.98	765.917
5746.44	735.638
5839.38	706.465
5933.83	678.351
6029.81	651.279
6127.33	625.204
6226.44	600.105
6327.15	575.945
6429.48	552.699
6533.48	530.315
6639.15	508.796
6746.53	488.105
6855.65	468.203
6966.54	449.073
7079.22	430.677
7193.72	413
7310.07	396.01
7428.31	379.699
7548.45	364.021
7670.54	348.961
7794.61	334.499
7920.68	320.621
8048.79	307.286
8178.97	294.488
8311.26	282.201
8445.69	270.413
8582.29	259.104
8721.11	248.249
8862.16	237.833
9005.5	227.838
9151.16	218.257
9299.17	209.065
9449.58	200.248
9602.42	191.795
9757.73	183.692
9915.55	175.924
10075.9	168.473
10238.9	161.332
10404.5	154.486
10572.8	147.924
10743.8	141.636
10917.6	135.61
11094.2	129.835
11273.6	124.301
11455.9	118.998
11641.2	113.919
11829.5	109.052
12020.8	104.39
12215.3	99.9253
12412.9	95.6468
12613.6	91.5503
12817.6	87.626
13025	83.869
13235.6	80.2693
13449.7	76.8232
13667.2	73.5226
13888.3	70.3628
14112.9	67.3365
14341.2	64.4398
14573.1	61.6656
14808.9	59.0106
15048.4	56.4681
15291.8	54.0341
15539.1	51.7041
15790.4	49.4735
16045.8	47.3385
16305.4	45.2951
16569.1	43.339
16837.1	41.4667
17109.4	39.6744
17386.1	37.9592
17667.4	36.3179
17953.1	34.7465
18243.5	33.2429
18538.6	31.804
18838.4	30.4268
19143.1	29.1089
19452.7	27.8476
19767.4	26.6408
20087.1	25.4858
20412	24.3807
20742.1	23.323
21077.6	22.3109
21418.5	21.3425
21765	20.416
22117	19.5293
22474.7	18.6809
22838.2	17.8691
23207.6	17.0924
23583	16.3492
23964.4	15.6381
24352	14.9576
24745.9	14.3066
25146.1	13.6837
25552.9	13.0878
25966.2	12.5176
26386.1	11.9719
26812.9	11.4499
27246.6	10.9505
27687.3	10.4726
28135.1	10.0154
28590.2	9.57798
29052.6	9.15945
29522.5	8.75901
30000	8.3759
